1
2.5
4
5.5
7
8.5
10
11.5
13
14.5
16
17.5
19
20.5
22
23.5
25
26.5
28
29.5
31
32.5
34
35.5
37
38.5
40
41.5
43
44.5
46
47.5
49
50.5
52
53.5
55
56.5
58
59.5
61
62.5
64
65.5
67
68.5
70
71.5
73
74.5
76
77.5
79
80.5
82
83.5
85
86.5
88
89.5
91
92.5
94
95.5
97
98.5
100
101.5
103
104.5
106
107.5
109
110.5
112
113.5
115
116.5
118
119.5
121
122.5
124
125.5
127
128.5
130
131.5
133
134.5
136
137.5
139
140.5
142
143.5
145
146.5
148
149.5
151
152.5
154
155.5
157
158.5
160
161.5
163
164.5
166
167.5
169
170.5
172
173.5
175
176.5
178
179.5
181
182.5
184
185.5
187
188.5
190
191.5
193
194.5
196
197.5
199
200.5
202
203.5
205
206.5
208
209.5
211
212.5
214
215.5
217
218.5
220
221.5
223
224.5
226
227.5
229
230.5
232
233.5
235
236.5
238
239.5
241
242.5
244
245.5
247
248.5
250
251.5
253
254.5
256
257.5
259
260.5
262
263.5
265
266.5
268
269.5
271
272.5
274
275.5
277
278.5
280
281.5
283
284.5
286
287.5
289
290.5
292
293.5
295
296.5
298
299.5
301
302.5
304
305.5
307
308.5
310
311.5
313
314.5
316
317.5
319
320.5
322
323.5
325
326.5
328
329.5
331
332.5
334
335.5
337
338.5
340
341.5
343
344.5
346
347.5
349
350.5
352
353.5
355
356.5
358
359.5
361
362.5
364
365.5
367
368.5
370
371.5
373
374.5
376
377.5
379
380.5
382
383.5
385
386.5
388
389.5
391
392.5
394
395.5
397
398.5
400
401.5
403
404.5
406
407.5
409
410.5
412
413.5
415
416.5
124.95
126.45
127.95
129.45
130.95
132.45
133.95
135.45
136.95
138.45
139.95
141.45
142.95
144.45
145.95
147.45
148.95
150.45
151.95
153.45
154.95
156.45
157.95
159.45
160.95
162.45
163.95
165.45
166.95
168.45
169.95
171.45
172.95
174.45
175.95
177.45
178.95
180.45
181.95
183.45
184.95
186.45
187.95
189.45
190.95
192.45
193.95
195.45
196.95
198.45
199.95
201.45
202.95
204.45
205.95
207.45
208.95
208.955
208.96
208.964
208.969
208.974
208.979
208.983
208.988
208.993
208.998
209.003
209.007
62.7022
64.2022
65.7022
67.2022
68.7022
70.2022
71.7022
73.2022
74.7022
76.2022
77.7022
79.2022
80.7022
82.2022
83.7022
85.2022
25.5607
27.0607
28.5607
30.0607
31.5607
33.0607
34.5607
36.0607
37.5607
39.0607
40.5607
42.0607
43.5607
43.5836
43.6066
43.6295
43.6524
43.6753
43.6982
43.7211
43.744
43.7668
43.7897
43.8125
43.8354
43.8582
43.881
43.9038
43.9265
43.9493
43.9721
43.9948
44.0175
44.0402
44.0629
13.2189
14.7189
16.2189
17.7189
19.2189
20.7189
22.2189
22.2639
22.3088
22.3536
22.3984
22.443
22.4876
22.532
22.5764
22.6207
22.6649
22.709
22.7531
22.797
22.8409
22.8847
22.9284
22.972
23.0155
23.059
23.1023
23.1456
23.1888
23.2319
23.275
23.318
23.3608
23.4036
23.4464
23.489
23.5316
23.5741
23.6165
23.6589
23.7011
23.7433
23.7854
23.8275
23.8694
23.9113
23.9532
23.9949
24.0366
24.0782
24.1197
24.1612
24.2026
24.2439
24.2851
24.3263
24.3674
24.4085
24.4494
24.4903
24.5312
24.5719
24.6126
24.6533
24.6938
24.7343
7.42029
8.92029
10.4203
11.9203
13.4203
13.4948
13.5689
13.6426
13.7159
13.7888
13.8613
13.9335
14.0053
14.0767
14.1477
14.2184
14.2887
14.3587
14.4283
14.4976
14.5666
14.6353
14.7036
14.7716
14.8393
14.9067
14.9738
15.0406
15.1071
15.1732
15.2391
15.3048
15.3701
15.4352
15.5
15.5645
15.6287
15.6927
15.7564
15.8199
15.8831
15.9461
16.0088
16.0712
16.1335
16.1955
16.2572
16.3187
16.38
16.441
16.5019
16.5625
16.6228
16.683
16.7429
16.8027
16.8622
16.9215
16.9806
17.0395
17.0982
17.1566
17.2149
17.273
17.3309
17.3886
17.4461
17.5034
17.5606
17.6175
17.6743
17.7309
17.7873
17.8435
17.8995
17.9554
18.0111
18.0666
18.122
18.1771
18.2322
18.287
18.3417
18.3962
18.4506
18.5048
18.5588
18.6127
18.6664
18.72
18.7734
18.8267
18.8798
18.9328
18.9856
19.0382
19.0908
19.1431
19.1954
19.2475
19.2994
19.3513
19.4029
19.4545
19.5059
19.5571
19.6083
19.6593
19.7101
19.7609
19.8115
19.862
19.9123
19.9625
20.0126
20.0626
20.1124
20.1621
20.2117
20.2612
20.3106
20.3598
20.4089
20.4579
20.5068
20.5556
20.6042
20.6528
20.7012
20.7495
20.7977
20.8458
20.8937
20.9416
20.9893
21.037
21.0845
21.1319
21.1793
21.2265
21.2736
21.3206
21.3675
21.4143
21.461
21.5076
21.5541
21.6005
21.6468
21.693
21.7391
21.7851
21.831
21.8768
21.9225
21.9681
22.0136
22.0591
22.1044
22.1496
22.1948
22.2398
22.2848
22.3297
22.3745
22.4192
22.4638
22.5083
22.5527
22.597
22.6413
22.6855
22.7295
22.7735
22.8174
22.8613
22.905
22.9487
22.9923
23.0357
23.0792
23.1225
23.1657
23.2089
23.252
23.295
23.3379
23.3808
23.4235
23.4662
23.5088
23.5514
23.5938
23.6362
23.6785
23.7208
23.7629
23.805
23.847
23.8889
23.9308
23.9726
24.0143
24.056
24.0975
24.139
24.1804
24.2218
24.2631
24.3043
24.3454
24.3865
24.4275
24.4685
24.5093
24.5501
24.5909
24.6315
24.6721
24.7127
24.7531
24.7935
24.8339
24.8741
24.9143
24.9545
24.9945
25.0346
25.0745
25.1144
7.53431
9.03431
10.5343
12.0343
13.5343
13.6082
13.6817
13.7548
13.8275
13.8998
13.9717
14.0433
14.1145
14.1854
14.2559
14.326
14.3958
14.4653
14.5344
14.6032
14.6717
14.7398
14.8077
14.8752
14.9425
15.0094
15.076
15.1423
4.5427
6.0427
7.5427
9.0427
9.15329
9.26254
9.3705
9.47722
9.58273
9.68709
9.79032
9.89246
9.99355
10.0936
10.1927
10.2908
10.388
10.4842
10.5796
10.6741
10.7678
10.8607
10.9528
11.0441
11.1346
11.2244
11.3135
11.4019
11.4896
11.5766
11.663
11.7488
11.8339
11.9184
12.0023
12.0856
12.1683
12.2505
12.3322
12.4132
12.4938
12.5738
12.6534
12.7324
12.8109
12.889
12.9666
13.0437
13.1204
13.1966
13.2724
13.3477
13.4226
13.4971
13.5712
13.6449
13.7182
13.7911
13.8636
13.9357
14.0075
14.0789
14.1499
14.2206
14.2909
14.3609
14.4305
14.4998
14.5688
14.6374
14.7057
14.7737
14.8414
14.9088
14.9759
15.0426
15.1091
15.1753
15.2412
15.3068
15.3722
15.4372
15.502
15.5665
15.6307
15.6947
15.7584
15.8219
15.8851
15.948
16.0107
16.0732
16.1354
16.1974
16.2591
16.3206
16.3819
16.4429
16.5038
16.5644
16.6247
16.6849
16.7448
16.8045
16.864
16.9233
16.9824
17.0413
17.1
17.1585
17.2168
17.2748
17.3327
17.3904
17.4479
17.5052
17.5624
17.6193
17.6761
17.7326
17.789
17.8452
17.9013
17.9571
18.0128
18.0683
18.1237
18.1789
18.2339
18.2887
18.3434
18.3979
18.4523
18.5065
18.5605
18.6144
18.6681
18.7217
18.7751
18.8283
18.8814
18.9344
18.9872
19.0399
19.0924
19.1448
19.197
19.2491
19.3011
19.3529
19.4045
19.4561
19.5075
19.5587
19.6099
19.6609
19.7117
19.7625
19.8131
19.8635
19.9139
19.9641
20.0142
20.0641
20.114
20.1637
20.2133
20.2628
20.3121
20.3613
20.4105
20.4595
20.5083
20.5571
20.6057
20.6543
20.7027
20.751
20.7992
20.8473
20.8952
20.9431
20.9908
21.0385
21.086
21.1334
21.1807
21.228
21.2751
21.3221
21.369
21.4158
21.4625
21.5091
21.5555
21.6019
21.6482
21.6944
21.7405
21.7865
21.8324
21.8782
21.9239
21.9695
22.0151
22.0605
22.1058
22.151
22.1962
22.2412
22.2862
22.3311
22.3759
22.4205
22.4652
22.5097
22.5541
22.5984
22.6427
22.6868
22.7309
22.7749
22.8188
22.8626
22.9064
22.95
22.9936
23.0371
23.0805
23.1238
23.1671
23.2102
23.2533
23.2963
23.3393
23.3821
23.4249
23.4676
23.5102
23.5527
23.5952
23.6376
23.6799
23.7221
23.7642
23.8063
23.8483
23.8903
23.9321
23.9739
24.0156
24.0573
24.0988
24.1403
24.1817
24.2231
24.2644
24.3056
24.3467
24.3878
24.4288
7.32864
8.82864
10.3286
11.8286
13.3286
13.4037
13.4783
13.5525
13.6263
13.6996
13.7726
13.8452
13.9175
13.9893
14.0608
14.1319
14.2027
14.2731
