1
2.5
4
5.5
1
2.5
4
4.125
4.24621
4.36396
4.47854
4.59018
4.69911
4.80551
4.90956
5.0114
5.11118
5.209
5.30499
5.39924
5.49184
5.58289
5.67245
5.76059
5.84739
5.9329
6.01717
6.10027
6.18223
6.26311
6.34294
6.42177
6.49963
6.57656
6.65259
6.72774
6.80206
6.87557
6.94829
7.02025
7.09147
7.16198
7.23179
7.30093
7.36942
7.43727
7.5045
7.57112
7.63716
7.70263
7.76754
7.83191
7.89576
7.95908
8.0219
8.08423
8.14608
8.20746
8.26838
8.32885
8.38888
8.44849
8.50767
8.56644
8.62481
8.68278
8.74036
8.79757
8.8544
8.91087
8.96698
9.02274
9.07816
9.13324
9.18798
9.2424
9.2965
9.35028
9.40376
9.45693
9.5098
9.56238
9.61466
9.66667
9.71839
9.76984
9.82102
9.87193
9.92258
9.97297
10.0231
10.073
10.1226
10.172
10.2212
10.2701
10.3188
10.3672
10.4155
10.4635
10.5113
10.5588
10.6062
10.6533
10.7003
10.747
10.7935
10.8398
10.886
10.9319
10.9776
11.0232
11.0685
11.1137
11.1587
11.2035
11.2481
11.2926
11.3369
11.381
11.4249
11.4687
11.5123
11.5557
11.599
11.6421
11.685
11.7278
11.7704
11.8129
11.8552
11.8974
11.9394
11.9813
12.0231
12.0646
12.1061
12.1474
12.1885
12.2296
12.2705
12.3112
12.3518
12.3923
12.4326
12.4729
12.5129
12.5529
12.5927
12.6324
12.672
12.7115
12.7508
12.79
12.8291
12.8681
12.9069
12.9457
12.9843
13.0228
13.0612
13.0995
13.1377
13.1757
13.2137
13.2515
13.2892
13.3269
13.3644
13.4018
13.4391
13.4763
13.5134
13.5504
13.5873
13.6241
13.6608
13.6974
13.7339
13.7703
13.8066
13.8428
13.879
13.915
13.9509
13.9868
14.0225
14.0582
14.0937
14.1292
14.1646
14.1999
14.2351
14.2702
14.3053
14.3402
14.3751
14.4099
14.4446
14.4792
14.5137
14.5482
14.5825
14.6168
14.651
14.6852
14.7192
14.7532
14.7871
14.8209
14.8546
14.8883
14.9219
14.9554
14.9888
15.0222
15.0554
15.0887
15.1218
15.1549
15.1878
15.2208
15.2536
15.2864
15.3191
15.3517
15.3843
15.4168
15.4493
15.4816
15.5139
15.5461
15.5783
15.6104
15.6424
15.6744
15.7063
15.7381
15.7699
15.8016
15.8332
15.8648
15.8963
15.9278
15.9592
15.9905
16.0218
16.053
16.0841
16.1152
16.1463
16.1772
16.2081
1.62081
3.12081
4.62081
6.12081
7.62081
9.12081
9.17563
9.23012
9.28429
9.33815
9.39169
9.44493
9.49787
9.55051
9.60287
9.65493
9.70672
9.75823
9.80947
9.86044
9.91115
9.9616
10.0118
10.0617
10.1114
10.1609
10.2101
10.2591
10.3078
10.3563
10.4046
10.4526
10.5005
10.5481
10.5955
10.6427
10.6897
10.7364
10.783
10.8294
10.8755
10.9215
10.9673
1.09673
2.59673
4.09673
5.59673
5.68607
5.774
5.8606
5.94591
6.03
6.11292
6.19472
6.27543
6.35511
6.43378
6.5115
6.58829
6.66418
6.73921
6.8134
6.88678
6.95939
7.03123
7.10234
7.17274
7.24245
7.31149
7.37987
7.44763
7.51476
7.5813
7.64725
7.71263
7.77746
7.84175
7.90551
7.96876
8.0315
8.09376
8.15553
8.21684
8.27769
8.33809
8.39806
1
2.5
4
5.5
5.59091
5.68034
5.76836
5.85504
5.94044
6.02461
6.1076
6.18947
6.27025
6.34999
6.42873
6.50651
6.58335
6.6593
6.73438
6.80863
6.88207
6.95472
7.02661
7.09777
7.16822
7.23797
7.30705
7.37548
7.44327
7.51044
7.57702
7.64301
7.70842
7.77329
7.83761
7.90141
7.96469
8.02746
8.08975
8.15156
8.21289
8.27377
8.33421
8.3942
8.45376
8.51291
8.57164
8.62998
8.68791
8.74546
8.80264
8.85944
8.91588
8.97196
9.02768
9.08307
9.13812
9.19283
9.24722
9.30129
9.35505
9.4085
9.46164
9.51448
9.56704
9.6193
9.67128
9.72298
9.7744
9.82556
9.87644
9.92707
9.97744
10.0275
10.0774
10.127
10.1764
10.2255
10.2744
10.3231
10.3715
10.4197
10.4677
10.5155
10.563
10.6104
10.6575
10.7044
10.7511
10.7976
10.8439
10.89
10.936
10.9817
11.0272
11.0726
11.1177
11.1627
11.2075
11.2521
11.2965
11.3408
11.3849
11.4288
11.4725
11.5161
1.15161
2.65161
4.15161
5.65161
7.15161
7.22153
7.29076
7.35934
7.42728
7.4946
7.56132
7.62744
7.693
7.75799
7.82244
7.88636
7.94976
8.01266
8.07506
8.13698
8.19842
8.25941
8.31995
8.38004
8.43971
8.49895
8.55778
8.61621
8.67424
8.73188
8.78914
8.84603
8.90256
8.95872
9.01453
9.07
9.12512
9.17992
9.23438
9.28853
9.34236
9.39588
9.44909
9.50201
9.55463
9.60696
9.65901
9.71077
9.76226
9.81348
9.86443
9.91512
9.96554
10.0157
10.0656
10.1153
10.1647
10.2139
10.2629
10.3116
10.3601
10.4084
10.4564
10.5042
10.5518
10.5992
10.6464
10.6933
10.7401
10.7866
10.833
10.8792
10.9251
10.9709
11.0165
11.0618
11.107
11.1521
11.1969
11.2415
11.286
11.3303
11.3745
11.4184
11.4622
11.5058
11.5493
11.5926
11.6357
11.6787
11.7215
11.7641
11.8067
11.849
11.8912
11.9332
11.9751
12.0169
12.0585
12.1
12.1413
12.1825
12.2235
12.2644
12.3052
12.3458
12.3863
12.4267
12.4669
12.507
12.547
12.5869
12.6266
12.6662
12.7057
12.745
12.7842
12.8234
12.8623
12.9012
12.94
12.9786
13.0171
13.0555
1.30555
2.80555
4.30555
5.80555
7.30555
7.374
7.4418
7.50899
7.57558
7.64158
7.70701
7.77189
7.83622
7.90003
7.96332
8.02611
8.0884
8.15022
1
2.5
4
5.5
5.59091
5.68034
5.76836
5.85504
5.94044
6.02461
6.1076
6.18947
6.27025
6.34999
6.42873
6.50651
6.58335
6.6593
6.73438
6.80863
6.88207
6.95472
7.02661
7.09777
7.16822
7.23797
7.30705
7.37548
7.44327
7.51044
7.57702
7.64301
7.70842
7.77329
7.83761
7.90141
7.96469
8.02746
8.08975
8.15156
8.21289
8.27377
8.33421
8.3942
8.45376
1
2.5
4
5.5
5.59091
5.68034
5.76836
5.85504
5.94044
6.02461
6.1076
6.18947
6.27025
6.34999
6.42873
6.50651
6.58335
6.6593
6.73438
6.80863
6.88207
6.95472
7.02661
7.09777
7.16822
7.23797
7.30705
7.37548
7.44327
7.51044
7.57702
7.64301
7.70842
7.77329
7.83761
7.90141
7.96469
8.02746
8.08975
8.15156
8.21289
8.27377
8.33421
8.3942
8.45376
8.51291
8.57164
8.62998
8.68791
8.74546
8.80264
8.85944
8.91588
8.97196
9.02768
9.08307
9.13812
9.19283
9.24722
9.30129
9.35505
9.4085
9.46164
9.51448
9.56704
9.6193
9.67128
9.72298
9.7744
9.82556
9.87644
9.92707
9.97744
10.0275
10.0774
10.127
10.1764
10.2255
10.2744
10.3231
10.3715
10.4197
10.4677
10.5155
10.563
10.6104
10.6575
10.7044
10.7511
10.7976
10.8439
10.89
10.936
10.9817
11.0272
11.0726
11.1177
11.1627
11.2075
11.2521
11.2965
11.3408
1.13408
2.63408
4.13408
5.63408
7.13408
7.20416
7.27357
7.34231
7.41041
1
2.5
4
4.125
4.24621
4.36396
4.47854
4.59018
4.69911
4.80551
4.90956
5.0114
5.11118
5.209
5.30499
5.39924
5.49184
5.58289
5.67245
5.76059
5.84739
5.9329
6.01717
6.10027
6.18223
6.26311
6.34294
6.42177
6.49963
6.57656
6.65259
6.72774
6.80206
6.87557
6.94829
7.02025
7.09147
7.16198
7.23179
7.30093
7.36942
7.43727
7.5045
7.57112
7.63716
7.70263
7.76754
7.83191
7.89576
7.95908
8.0219
8.08423
8.14608
8.20746
8.26838
8.32885
8.38888
8.44849
8.50767
8.56644
8.62481
8.68278
8.74036
8.79757
8.8544
8.91087
8.96698
9.02274
9.07816
9.13324
9.18798
9.2424
9.2965
9.35028
9.40376
9.45693
9.5098
9.56238
9.61466
9.66667
9.71839
9.76984
9.82102
9.87193
9.92258
9.97297
10.0231
10.073
10.1226
10.172
10.2212
10.2701
10.3188
10.3672
10.4155
10.4635
10.5113
10.5588
10.6062
10.6533
10.7003
10.747
10.7935
10.8398
10.886
10.9319
1.09319
2.59319
4.09319
5.59319
5.68258
5.77057
5.85722
5.94258
6.02672
6.10968
6.19152
6.27228
6.35199
6.43071
6.50846
6.58528
6.66121
6.73627
6.8105
6.88391
6.95655
7.02842
7.09956
7.16999
7.23972
7.30879
7.3772
7.44497
7.51213
7.57869
7.64467
7.71007
7.77492
7.83923
7.90301
7.96628
8.02904
8.09132
8.15311
8.21444
8.27531
8.33573
8.39571
8.45527
8.5144
8.57312
8.63145
8.68937
8.74692
8.80408
8.86087
8.9173
8.97337
9.02909
9.08447
9.1395
9.19421
9.24859
9.30266
9.3564
9.40984
9.46298
9.51582
9.56836
9.62062
9.67259
9.72428
9.7757
9.82685
9.87773
9.92835
9.97871
10.0288
10.0787
10.1283
10.1776
10.2268
10.2757
10.3243
10.3728
10.421
10.4689
10.5167
10.5642
10.6116
10.6587
10.7056
10.7523
10.7988
10.8451
10.8912
10.9371
10.9828
11.0284
11.0737
11.1188
11.1638
11.2086
11.2532
11.2976
11.3419
11.386
11.4299
11.4736
11.5172
11.5606
11.6039
11.647
11.6899
11.7327
11.7753
11.8178
11.8601
11.9022
11.9442
11.9861
1.19861
2.69861
4.19861
5.69861
7.19861
7.26807
1
2.5
4
4.125
4.24621
4.36396
1
2.5
2.7
2.88519
3.05848
3.22196
3.37715
3.5252
3.66704
3.80339
3.93485
4.06192
4.18501
4.30449
4.42065
4.53375
4.64404
4.7517
4.85693
4.95987
5.06068
5.15948
5.25639
5.35151
