1
2
3
4
5
6
7
1
2
3
4
4.125
4.24621
4.36396
4.47854
4.59018
4.69911
4.80551
4.90956
5.0114
5.11118
5.209
5.30499
5.39924
5.49184
5.58289
5.67245
5.76059
5.84739
5.9329
6.01717
6.10027
6.18223
6.26311
6.34294
6.42177
6.49963
6.57656
6.65259
6.72774
6.80206
6.87557
6.94829
7.02025
7.09147
7.16198
7.23179
7.30093
7.36942
7.43727
7.5045
7.57112
7.63716
7.70263
7.76754
7.83191
7.89576
7.95908
8.0219
8.08423
8.14608
8.20746
8.26838
8.32885
8.38888
8.44849
8.50767
8.56644
8.62481
8.68278
8.74036
8.79757
8.8544
8.91087
8.96698
9.02274
9.07816
9.13324
9.18798
9.2424
9.2965
9.35028
9.40376
9.45693
9.5098
9.56238
9.61466
9.66667
9.71839
9.76984
9.82102
9.87193
9.92258
9.97297
10.0231
10.073
10.1226
10.172
10.2212
10.2701
10.3188
10.3672
10.4155
10.4635
10.5113
10.5588
10.6062
10.6533
10.7003
10.747
10.7935
10.8398
10.886
10.9319
10.9776
11.0232
11.0685
11.1137
11.1587
11.2035
11.2481
11.2926
11.3369
11.381
11.4249
11.4687
11.5123
11.5557
11.599
11.6421
11.685
11.7278
11.7704
11.8129
11.8552
11.8974
11.9394
11.9813
12.0231
1.20231
2.20231
3.20231
4.20231
5.20231
6.20231
6.28292
6.3625
6.44109
6.51871
6.59542
6.67123
6.74617
6.82029
6.8936
6.96613
7.03791
7.10895
7.17929
7.24893
7.31791
7.38623
1
2
3
4
4.125
4.24621
4.36396
4.47854
4.59018
4.69911
4.80551
4.90956
5.0114
5.11118
5.209
5.30499
5.39924
5.49184
5.58289
5.67245
1
2
3
3.16667
3.32456
3.47496
3.61884
3.75701
3.89009
4.01863
4.14305
4.26373
4.381
4.49513
4.60636
4.71491
4.82095
4.92467
5.0262
5.12567
5.22322
5.31895
5.41295
5.50532
1
2
3
3.16667
3.32456
3.47496
3.61884
3.75701
3.89009
4.01863
4.14305
4.26373
4.381
1
2
3
3.16667
3.32456
3.47496
3.61884
3.75701
3.89009
4.01863
4.14305
4.26373
4.381
4.49513
4.60636
4.71491
4.82095
4.92467
5.0262
5.12567
5.22322
5.31895
5.41295
5.50532
5.59614
5.68549
5.77343
5.86004
5.94536
6.02946
6.11239
6.19419
6.27491
6.35459
6.43328
6.511
6.58779
6.66369
6.73872
6.81292
6.88631
6.95892
7.03077
7.10188
7.17229
7.242
7.31104
7.37943
7.44719
7.51433
7.58087
7.64682
7.71221
7.77704
7.84133
7.9051
1
2
3
4
4.125
4.24621
4.36396
4.47854
4.59018
4.69911
4.80551
4.90956
5.0114
5.11118
5.209
5.30499
5.39924
5.49184
5.58289
5.67245
5.76059
5.84739
5.9329
6.01717
6.10027
6.18223
6.26311
6.34294
6.42177
6.49963
6.57656
6.65259
6.72774
6.80206
6.87557
6.94829
7.02025
7.09147
7.16198
7.23179
7.30093
7.36942
7.43727
7.5045
7.57112
7.63716
7.70263
7.76754
7.83191
7.89576
7.95908
8.0219
1
2
3
4
5
5.1
5.19804
5.29423
5.38867
5.48146
5.57268
5.6624
5.7507
5.83765
5.9233
6.00771
6.09094
6.17303
6.25402
6.33397
6.41291
6.49088
6.56791
6.64404
6.71929
6.79371
6.8673
1
2
3
4
4.125
1
2
3
3.16667
3.32456
3.47496
3.61884
3.75701
3.89009
4.01863
4.14305
4.26373
4.381
4.49513
4.60636
4.71491
4.82095
4.92467
5.0262
5.12567
5.22322
5.31895
5.41295
5.50532
5.59614
5.68549
5.77343
5.86004
5.94536
6.02946
6.11239
6.19419
6.27491
6.35459
6.43328
6.511
6.58779
6.66369
6.73872
6.81292
6.88631
6.95892
7.03077
7.10188
7.17229
7.242
7.31104
7.37943
7.44719
7.51433
7.58087
7.64682
7.71221
7.77704
7.84133
7.9051
7.96835
8.0311
8.09335
8.15513
8.21644
8.2773
8.3377
8.39767
8.45721
8.51633
8.57504
8.63335
8.69127
8.7488
8.80595
8.86273
8.91914
8.9752
9.03091
9.08628
9.1413
9.196
9.25037
9.30442
9.35816
9.41159
9.46472
9.51755
9.57008
9.62233
9.67429
9.72597
9.77738
9.82852
9.87939
9.93
9.98035
10.0305
10.0803
10.1299
10.1793
10.2284
10.2773
10.3259
10.3743
10.4225
10.4705
10.5183
10.5658
10.6131
10.6602
10.7071
10.7538
10.8003
10.8466
10.8927
10.9386
10.9843
11.0299
11.0752
11.1203
11.1653
11.2101
11.2547
11.2991
11.3434
11.3874
11.4313
11.4751
11.5187
11.5621
11.6053
11.6484
11.6913
11.7341
11.7767
11.8191
11.8615
11.9036
11.9456
11.9875
12.0292
12.0707
12.1122
12.1534
12.1946
12.2356
12.2765
12.3172
12.3578
12.3982
12.4386
12.4788
12.5188
12.5588
12.5986
12.6383
12.6778
12.7173
12.7566
12.7958
12.8349
12.8738
12.9127
12.9514
12.99
13.0285
13.0668
13.1051
13.1433
13.1813
13.2192
13.2571
13.2948
13.3324
13.3699
13.4073
13.4446
13.4818
13.5189
13.5558
13.5927
13.6295
13.6662
13.7028
13.7393
13.7757
13.812
13.8482
13.8843
13.9203
13.9562
13.992
14.0278
14.0634
14.099
14.1344
14.1698
14.2051
14.2403
14.2754
14.3104
14.3454
14.3802
14.415
14.4497
14.4843
14.5188
14.5532
14.5876
14.6219
14.6561
14.6902
14.7242
14.7582
14.792
14.8258
14.8596
14.8932
14.9268
14.9603
14.9937
15.0271
15.0603
15.0935
15.1267
15.1597
1.51597
2.51597
3.51597
4.51597
5.51597
6.51597
7.51597
8.51597
8.57468
8.633
8.69091
8.74844
8.8056
8.86238
8.9188
8.97486
9.03057
9.08594
9.14097
9.19567
9.25004
9.30409
9.35783
9.41126
9.46439
9.51722
9.56976
9.62201
9.67397
9.72566
9.77707
9.82821
9.87908
9.92969
9.98005
10.0301
10.08
10.1296
1.01296
2.01296
3.01296
4.01296
5.01296
6.01296
6.09611
6.17813
6.25906
6.33895
6.41783
6.49573
6.57271
6.64878
6.72398
6.79834
6.87189
6.94465
7.01665
7.08791
7.15845
7.2283
7.29747
7.36599
7.43387
7.50113
7.56778
7.63385
7.69935
7.76429
7.82869
7.89255
7.95591
8.01875
8.08111
8.14298
8.20438
8.26532
8.32582
8.38587
8.4455
8.5047
8.56349
8.62188
8.67987
8.73747
8.7947
8.85155
8.90804
8.96417
9.01995
9.07538
9.13047
9.18523
9.23967
9.29378
9.34758
9.40107
9.45426
9.50714
9.55974
9.61204
9.66406
9.7158
9.76726
9.81845
9.86937
9.92004
9.97044
10.0206
10.0705
10.1201
10.1695
10.2187
10.2676
10.3163
10.3648
10.413
10.4611
10.5089
10.5564
10.6038
10.651
10.6979
10.7446
10.7912
10.8375
10.8836
10.9296
10.9753
11.0209
11.0663
11.1114
11.1564
11.2012
11.2459
11.2903
11.3346
11.3787
11.4227
11.4665
11.5101
11.5535
11.5968
11.6399
11.6829
11.7257
11.7683
11.8108
11.8531
11.8953
11.9373
11.9792
12.021
12.0625
12.104
12.1453
12.1865
12.2275
12.2684
12.3092
12.3498
12.3903
12.4306
12.4708
12.5109
12.5509
12.5907
12.6304
12.67
12.7095
12.7488
12.7881
12.8272
12.8661
12.905
12.9437
12.9824
13.0209
13.0593
13.0976
13.1357
13.1738
13.2118
13.2496
13.2873
13.325
13.3625
13.3999
13.4372
13.4744
1.34744
2.34744
3.34744
4.34744
5.34744
6.34744
7.34744
7.41549
7.48292
7.54974
7.61597
7.68162
7.74671
7.81125
7.87526
7.93875
8.00174
8.06422
8.12622
8.18775
8.24882
8.30943
8.36961
8.42935
8.48866
8.54757
8.60606
8.66416
8.72187
8.7792
8.83615
8.89274
8.94896
9.00483
9.06036
9.11554
9.1704
9.22492
9.27912
9.333
9.38658
9.43985
9.49281
9.54548
9.59786
9.64996
9.70177
9.75331
9.80458
9.85557
9.9063
9.95678
10.007
10.057
10.1067
10.1561
10.2054
10.2544
10.3031
10.3517
10.4
10.448
10.4959
10.5435
10.591
10.6382
10.6852
10.732
10.7786
10.8249
10.8711
10.9171
10.9629
11.0085
11.0539
11.0992
11.1442
11.1891
11.2338
11.2783
11.3226
11.3668
11.4108
11.4546
11.4982
11.5417
11.585
11.6282
11.6712
11.714
11.7567
11.7993
11.8416
11.8839
11.9259
11.9679
12.0096
12.0513
12.0928
12.1341
12.1753
12.2164
12.2573
12.2981
12.3388
12.3793
12.4197
12.4599
12.5001
12.5401
12.5799
12.6197
12.6593
12.6988
12.7382
12.7774
12.8165
12.8556
12.8945
12.9332
12.9719
13.0104
13.0489
13.0872
13.1254
13.1635
13.2015
13.2393
13.2771
13.3148
13.3523
13.3898
13.4271
13.4643
13.5015
13.5385
13.5754
13.6123
13.649
13.6856
13.7222
13.7586
13.795
13.8312
13.8673
13.9034
13.9394
13.9752
14.011
14.0467
14.0823
14.1178
14.1532
14.1885
14.2238
14.2589
14.294
14.329
14.3639
14.3987
14.4334
14.4681
14.5026
14.5371
14.5715
14.6058
14.64
14.6742
14.7083
14.7423
14.7762
14.81
14.8438
14.8775
14.9111
14.9446
14.978
15.0114
15.0447
15.078
15.1111
15.1442
15.1772
15.2102
15.2431
15.2759
15.3086
15.3412
15.3738
15.4064
15.4388
15.4712
15.5035
15.5358
15.568
15.6001
15.6321
15.6641
15.696
15.7279
15.7597
15.7914
15.8231
15.8547
15.8862
15.9177
1.59177
2.59177
3.59177
4.59177
5.59177
6.59177
7.59177
8.59177
8.64996
8.70777
8.76519
8.82223
8.87891
8.93522
8.99118
9.04679
9.10206
9.15699
9.21159
9.26587
9.31983
9.37348
9.42682
9.47986
9.53261
