1
2.5
4
5.5
1
2.5
4
4.25
4.48529
4.70824
4.92064
5.12386
5.31903
5.50703
5.68862
5.86441
6.03493
6.20063
6.36191
6.51909
6.67249
6.82236
6.96893
7.11243
7.25303
7.3909
7.5262
7.65907
7.78963
7.91801
8.0443
8.16862
8.29104
8.41165
8.53053
8.64776
8.76339
8.8775
8.99015
9.10138
9.21125
9.31982
9.42712
9.53319
9.63809
9.74184
9.84449
9.94607
10.0466
10.1462
10.2447
10.3423
10.439
10.5348
10.6297
10.7238
10.8171
10.9095
11.0012
11.0921
11.1822
11.2716
11.3604
11.4484
11.5357
11.6224
11.7085
11.7939
11.8787
11.9629
12.0464
12.1295
12.2119
12.2938
12.3751
12.4559
12.5362
12.616
12.6953
12.774
12.8523
12.9301
13.0075
13.0843
13.1608
13.2367
13.3123
13.3874
13.4621
13.5364
13.6103
13.6837
13.7568
13.8295
13.9018
13.9737
14.0453
14.1165
14.1873
14.2578
14.328
14.3978
14.4672
14.5363
14.6051
14.6736
14.7418
14.8096
14.8771
14.9443
15.0112
15.0779
15.1442
15.2102
15.276
15.3414
15.4066
15.4715
15.5361
15.6005
15.6646
15.7285
15.792
15.8554
15.9184
15.9812
16.0438
16.1061
16.1682
16.2301
16.2917
16.3531
16.4142
16.4752
16.5359
16.5963
16.6566
16.7166
16.7764
16.836
16.8954
16.9546
17.0136
17.0724
17.131
17.1893
17.2475
17.3055
17.3633
17.4209
17.4783
17.5355
17.5925
17.6494
17.706
17.7625
17.8188
17.8749
17.9309
17.9866
18.0422
18.0976
18.1529
18.208
18.2629
18.3177
18.3723
18.4267
18.481
18.5351
18.589
18.6428
18.6965
18.7499
18.8033
18.8565
18.9095
18.9624
19.0151
19.0677
19.1201
19.1724
19.2246
19.2766
19.3285
19.3802
19.4318
19.4833
19.5346
19.5858
19.6369
19.6878
19.7386
19.7892
19.8398
19.8902
19.9405
19.9906
20.0406
20.0905
20.1403
20.19
20.2395
20.2889
20.3382
20.3874
20.4364
20.4853
20.5341
20.5828
20.6314
20.6799
20.7283
20.7765
20.8246
20.8727
20.9206
20.9684
21.0161
21.0636
21.1111
21.1585
21.2057
21.2529
21.3
21.3469
21.3937
21.4405
21.4871
21.5337
21.5801
21.6264
21.6727
21.7188
21.7649
21.8108
21.8567
21.9024
21.9481
21.9936
22.0391
22.0845
22.1298
22.1749
22.22
22.265
22.31
22.3548
22.3995
22.4442
22.4887
22.5332
22.5776
2.25776
3.75776
5.25776
6.75776
8.25776
9.75776
11.2578
12.7578
12.8361
12.914
12.9915
13.0685
13.145
13.221
13.2967
13.3719
13.4467
13.521
13.595
13.6686
13.7417
13.8145
13.8869
13.9589
14.0305
14.1018
14.1727
14.2433
14.3135
14.3833
14.4529
14.5221
14.5909
14.6595
14.7277
14.7956
14.8632
14.9304
14.9974
15.0641
15.1305
15.1966
15.2624
1.52624
3.02624
4.52624
6.02624
7.52624
9.02624
9.13703
9.24647
9.35462
9.46152
9.56721
9.67173
9.77513
9.87743
9.97867
10.0789
10.1781
10.2764
10.3737
10.4701
10.5656
10.6602
10.754
10.847
10.9392
11.0306
11.1213
11.2112
11.3004
11.3889
11.4767
11.5638
11.6503
11.7361
11.8213
11.9059
11.9899
12.0733
12.1562
12.2384
12.3201
12.4013
12.4819
1.24819
2.74819
4.24819
5.74819
7.24819
7.38616
7.52155
7.6545
7.78514
7.91359
8.03996
8.16433
8.28682
8.40749
8.52643
8.64372
8.75941
8.87357
8.98626
9.09754
9.20746
9.31607
9.42341
9.52953
9.63447
9.73826
9.84095
9.94257
10.0431
10.1427
10.2413
10.339
10.4357
10.5315
10.6265
10.7206
10.8138
10.9063
10.998
11.0889
11.1791
11.2686
11.3573
11.4453
11.5327
11.6194
11.7055
11.7909
11.8757
11.9599
12.0436
12.1266
12.209
12.291
12.3723
12.4531
12.5334
12.6132
12.6925
12.7713
12.8496
12.9274
13.0048
13.0817
13.1581
13.2341
13.3097
13.3848
13.4595
13.5338
13.6077
13.6812
13.7543
13.827
13.8993
13.9713
14.0428
14.114
14.1849
14.2554
14.3255
14.3953
14.4648
14.5339
14.6028
14.6712
14.7394
14.8072
14.8748
14.942
15.0089
15.0756
15.1419
15.2079
15.2737
15.3392
15.4043
15.4693
15.5339
15.5983
15.6624
15.7262
15.7898
15.8532
15.9162
15.9791
1.59791
3.09791
4.59791
6.09791
7.59791
9.09791
9.20782
9.31643
9.42376
9.52988
9.63481
9.7386
9.84129
9.9429
10.0435
10.143
10.2416
10.3393
10.436
10.5318
10.6268
10.7209
10.8141
10.9066
10.9983
11.0892
11.1794
11.2688
11.3576
11.4456
11.533
11.6197
11.7058
11.7912
11.876
11.9602
12.0438
12.1269
12.2093
12.2912
12.3726
12.4534
12.5337
12.6135
12.6928
12.7716
12.8499
12.9277
13.005
13.0819
13.1584
13.2344
13.3099
13.3851
13.4598
13.5341
13.6079
13.6814
13.7545
13.8272
13.8995
13.9715
14.0431
14.1143
14.1851
14.2556
14.3258
14.3956
14.465
14.5342
14.603
14.6715
14.7396
14.8075
14.875
14.9422
15.0091
15.0758
15.1421
15.2081
15.2739
15.3394
15.4046
15.4695
15.5341
15.5985
15.6626
15.7265
15.79
15.8534
15.9164
15.9793
16.0419
16.1042
16.1663
16.2281
16.2898
16.3512
16.4123
16.4732
16.5339
16.5944
16.6547
16.7147
16.7746
16.8342
16.8936
16.9528
17.0118
17.0705
17.1291
17.1875
17.2457
17.3037
17.3615
17.4191
17.4765
17.5337
17.5907
17.6476
17.7042
17.7607
17.817
17.8731
1.78731
3.28731
4.78731
6.28731
7.78731
9.28731
9.39499
9.50143
9.60668
9.71077
9.81375
9.91565
10.0165
10.1163
10.2152
10.3131
10.41
10.5061
1.05061
2.55061
4.05061
5.55061
5.73077
5.90527
6.07461
6.23923
6.3995
6.55577
6.7083
6.85737
7.0032
7.14599
7.28593
7.42318
7.55789
7.69021
7.82024
7.94812
8.07393
8.19779
8.31977
8.43997
8.55845
8.67529
8.79056
8.90432
9.01663
9.12753
9.23709
9.34535
9.45236
9.55815
9.66277
9.76626
9.86866
9.96999
10.0703
10.1696
10.2679
10.3653
10.4618
10.5574
10.6521
1.06521
2.56521
4.06521
5.56521
5.7449
5.91896
6.08791
6.25217
6.41212
6.56807
6.72032
6.86913
7.01471
7.15726
7.29698
7.43402
7.56854
7.70067
7.83053
7.95823
8.08389
8.20759
8.32943
8.44948
8.56783
8.68455
8.7997
8.91334
9.02553
9.13633
9.24578
9.35394
9.46084
9.56654
9.67107
9.77447
9.87678
9.97803
10.0782
10.1775
10.2757
10.373
10.4694
10.565
10.6596
10.7534
10.8464
10.9386
11.03
11.1207
11.2106
11.2998
11.3883
11.4761
11.5633
11.6497
11.7356
11.8208
11.9054
11.9894
12.0728
12.1556
12.2379
12.3196
12.4008
12.4814
12.5615
12.6411
12.7203
12.7989
12.877
12.9547
13.0319
13.1086
13.1849
13.2607
13.3361
13.4111
13.4857
13.5598
13.6336
13.7069
13.7799
13.8524
13.9246
13.9965
14.0679
14.139
14.2097
14.2801
14.3501
14.4198
14.4891
14.5582
14.6269
14.6952
14.7633
14.831
14.8984
14.9656
15.0324
15.0989
1.50989
3.00989
4.50989
6.00989
7.50989
9.00989
9.12088
9.23052
9.33885
1
2.5
4
5.5
5.68182
5.85782
6.02853
6.19441
6.35584
6.51318
6.66671
6.81671
6.96341
7.10702
7.24773
7.3857
7.5211
7.65406
7.78471
7.91316
8.03953
8.16392
8.28641
8.40709
8.52604
8.64332
8.75902
8.87319
8.98589
9.09717
9.2071
9.31571
9.42305
9.52918
9.63412
9.73792
9.84061
9.94223
10.0428
10.1424
10.241
10.3386
10.4353
10.5312
10.6261
10.7202
10.8135
10.906
10.9977
11.0886
11.1788
11.2683
11.357
11.4451
11.5324
11.6191
11.7052
11.7906
11.8755
11.9597
12.0433
12.1263
12.2088
12.2907
12.372
12.4529
12.5332
12.613
12.6922
12.771
12.8493
12.9272
13.0045
13.0814
13.1579
13.2339
13.3094
13.3846
13.4593
13.5336
13.6075
13.6809
13.754
13.8267
13.8991
13.971
14.0426
14.1138
14.1847
14.2552
14.3253
14.3951
14.4646
14.5337
14.6025
14.671
14.7392
14.807
14.8745
14.9418
15.0087
15.0753
15.1417
15.2077
15.2735
15.3389
1.53389
3.03389
4.53389
6.03389
7.53389
9.03389
9.14459
9.25394
9.362
9.46882
9.57443
9.67887
9.78219
9.88442
9.98559
10.0857
10.1849
10.2831
10.3803
10.4766
10.5721
10.6667
10.7604
10.8534
10.9455
11.0369
11.1275
11.2173
11.3065
11.3949
11.4827
11.5698
11.6562
11.742
11.8272
11.9117
11.9957
12.079
12.1618
12.244
12.3257
12.4069
12.4875
12.5675
12.6471
12.7262
12.8047
12.8828
12.9605
13.0376
13.1143
13.1906
13.2664
13.3418
13.4167
13.4913
13.5654
13.6391
13.7124
13.7853
13.8579
13.93
14.0018
14.0732
14.1443
14.215
14.2854
14.3554
14.425
14.4943
14.5633
14.632
14.7003
14.7684
14.8361
14.9035
14.9706
15.0374
15.1039
15.1701
15.236
15.3016
15.367
15.4321
15.4969
15.5614
15.6257
15.6897
15.7534
15.8169
15.8801
15.9431
16.0058
16.0683
16.1305
16.1925
16.2543
16.3158
16.3771
16.4381
16.499
16.5596
16.62
16.6801
16.7401
16.7998
16.8593
16.9187
16.9778
17.0367
17.0954
17.1539
17.2121
17.2702
17.3282
17.3859
1.73859
3.23859
4.73859
6.23859
7.73859
9.23859
1
2.5
4
5.5
5.68182
5.85782
1
2.5
4
4.25
4.48529
4.70824
4.92064
5.12386
5.31903
5.50703
5.68862
5.86441
6.03493
6.20063
6.36191
6.51909
6.67249
6.82236
6.96893
7.11243
7.25303
7.3909
7.5262
7.65907
