1
2
3
4
5
6
7
2.1
3.1
4.1
4.22195
4.34038
4.45558
4.5678
4.67726
4.78416
4.88867
4.99095
5.09113
5.18934
5.28569
5.38029
5.47322
5.56457
5.65443
5.74285
5.82992
5.91568
6.0002
6.08353
6.16572
6.24681
6.32686
6.40588
6.48394
6.56105
6.63726
6.71259
6.78708
6.86075
6.93363
7.00574
7.07711
7.14776
7.21771
7.28698
7.3556
7.42357
7.49093
7.55768
7.62383
7.68942
7.75444
7.81892
7.88287
7.9463
8.00922
8.07165
8.13359
8.19507
8.25608
8.31664
8.37676
8.43645
8.49572
8.55457
8.61302
8.67107
8.72873
8.78601
8.84292
8.89946
8.95565
9.01148
9.06696
9.12211
9.17692
9.23141
9.28557
9.33942
9.39295
9.44618
9.49911
9.55175
9.6041
9.65616
9.70794
9.75944
9.81068
9.86164
9.91234
9.96278
10.013
10.0629
10.1126
10.162
10.2112
10.2602
10.3089
10.3574
10.4057
10.4538
10.5016
10.5492
10.5966
10.6438
10.6908
10.7375
10.7841
10.8305
10.8766
10.9226
10.9684
11.014
11.0594
11.1046
11.1496
11.1944
11.2391
11.2836
11.3279
11.372
11.416
11.4598
11.5034
11.5469
11.5902
11.6333
11.6763
11.7191
11.7618
11.8043
11.8467
11.8889
11.9309
11.9729
12.0146
12.0562
12.0977
3.62931
4.62931
5.62931
6.62931
6.70473
6.77931
6.85306
6.92602
6.99821
7.06966
7.14038
7.21041
7.27975
7.34844
7.41648
7.4839
7.55071
7.61692
7.68257
7.74765
7.81219
7.87619
2.36286
3.36286
4.36286
4.47746
4.58913
4.69808
4.80451
4.90858
5.01044
5.11023
5.20808
5.30408
5.39835
5.49097
5.58203
5.6716
5.75976
5.84657
5.93209
6.01638
1.80491
2.80491
3.80491
3.93632
4.06334
4.1864
4.30583
4.42195
4.53502
4.64528
4.75291
4.85811
4.96103
5.06182
5.1606
5.25748
5.35259
5.446
5.53781
5.6281
5.71694
5.8044
5.89054
5.97542
1.79263
2.79263
3.79263
3.92446
4.05187
4.17527
4.29502
4.41143
4.52478
4.63528
4.74315
4.84856
4.95169
1.48551
2.48551
2.68667
2.87278
3.04682
3.21093
3.36665
3.51516
3.6574
3.79411
3.9259
4.05326
4.17661
4.29633
4.41271
4.52601
4.63649
4.74433
4.84972
4.95282
5.05377
5.1527
5.24974
5.34498
5.43853
5.53047
5.62087
5.70983
5.7974
5.88364
5.96862
6.05239
6.13501
6.21651
6.29694
6.37634
6.45476
6.53222
6.60876
6.68442
6.75922
6.83319
6.90636
6.97876
7.05041
7.12133
7.19154
7.26106
7.32992
7.39814
7.46572
7.53269
7.59907
7.66487
7.7301
7.79478
2.33844
3.33844
4.33844
4.45368
4.56595
4.67546
4.7824
4.88695
4.98926
5.08948
5.18772
5.2841
5.37872
5.47168
5.56306
5.65294
5.74139
5.82848
5.91426
5.9988
6.08215
6.16436
6.24547
6.32553
6.40458
6.48265
6.55977
6.636
6.71134
6.78584
6.85953
6.93242
7.00454
7.07593
7.14659
7.21655
7.28584
7.35446
7.42245
7.48981
7.55657
7.62274
7.68833
7.75336
7.81785
7.88181
7.94524
8.00818
8.07061
8.13256
8.19405
8.25507
2.47652
3.47652
4.47652
4.58821
4.69719
4.80364
4.90772
5.0096
5.10941
5.20727
5.30329
5.39757
5.49021
5.58128
5.67086
5.75903
5.84585
5.93138
6.01568
6.0988
6.18078
6.26168
6.34153
6.42037
6.49825
6.57519
6.65124
1.99537
2.99537
3.99537
4.12052
4.24186
1.27256
2.27256
2.49257
2.69317
2.87882
3.05251
3.21631
3.37176
3.52005
3.6621
3.79863
3.93026
4.05748
4.18071
4.3003
4.41657
4.52978
4.64016
4.74792
4.85323
4.95625
5.05713
5.15601
5.25298
5.34816
5.44165
5.53354
5.6239
5.7128
5.80032
5.88653
5.97147
6.0552
6.13777
6.21923
6.29963
6.379
6.45738
6.53481
6.61133
6.68695
6.76173
6.83567
6.90882
6.98119
7.05281
7.1237
7.19389
7.2634
7.33223
7.40043
7.46799
7.53494
7.6013
7.66708
7.73229
7.79696
7.86108
7.92469
7.98778
8.05038
8.11249
8.17412
8.23529
8.296
8.35627
8.41611
8.47552
8.53451
8.5931
8.65128
8.70908
8.76649
8.82352
8.88019
8.9365
8.99245
9.04805
9.10331
9.15823
9.21283
9.2671
9.32106
9.3747
9.42803
9.48107
9.5338
9.58625
9.63841
9.69028
9.74188
9.79321
9.84426
9.89505
9.94558
9.99586
10.0459
10.0956
10.1452
10.1945
10.2435
10.2923
10.3409
10.3892
10.4374
10.4853
10.533
10.5804
10.6277
10.6747
10.7216
10.7682
10.8146
10.8609
10.9069
10.9528
10.9984
11.0439
11.0891
11.1342
11.1791
11.2239
11.2684
11.3128
11.357
11.401
11.4449
11.4886
11.5321
11.5754
11.6186
11.6617
11.7045
11.7473
11.7898
11.8322
11.8745
11.9166
11.9586
12.0004
12.042
12.0835
12.1249
12.1662
12.2073
12.2482
12.289
12.3297
12.3703
12.4107
12.451
12.4911
12.5312
12.5711
12.6109
12.6505
12.69
12.7294
12.7687
12.8079
12.8469
12.8858
12.9246
12.9633
13.0019
13.0403
13.0787
13.1169
13.155
13.193
13.2309
13.2687
13.3064
13.344
13.3815
13.4188
13.4561
13.4932
13.5303
13.5672
13.6041
13.6409
13.6775
13.7141
13.7505
13.7869
13.8232
13.8593
13.8954
13.9314
13.9673
14.0031
14.0388
14.0744
14.1099
14.1454
14.1807
14.216
14.2511
14.2862
14.3212
14.3561
14.391
14.4257
14.4604
14.4949
14.5294
14.5638
14.5982
14.6324
14.6666
14.7007
14.7347
14.7686
14.8025
14.8363
14.87
14.9036
14.9371
14.9706
15.004
15.0373
15.0706
4.52118
5.52118
6.52118
7.52118
8.52118
8.57986
8.63813
8.69601
8.75351
8.81063
8.86738
8.92377
8.9798
9.03548
9.09082
9.14582
9.20049
9.25483
9.30886
9.36257
9.41597
9.46907
9.52188
9.57439
9.62661
9.67855
9.73021
9.7816
9.83271
9.88356
9.93415
9.98449
10.0346
10.0844
10.134
10.1833
10.2324
10.2813
3.08438
4.08438
5.08438
6.08438
6.16656
6.24764
6.32767
6.40669
6.48473
6.56184
6.63804
6.71336
6.78784
6.8615
6.93437
7.00647
7.07784
7.14848
7.21843
7.28769
7.3563
7.42427
7.49162
7.55836
7.62451
7.69009
7.75511
7.81958
7.88352
7.94695
8.00986
8.07229
8.13423
8.1957
8.2567
8.31726
8.37738
8.43706
8.49632
8.55517
8.61362
8.67166
8.72932
8.7866
8.84351
8.90004
8.95622
9.01205
9.06753
9.12267
9.17748
9.23196
9.28612
9.33997
9.3935
9.44673
9.49966
9.55229
9.60463
9.65669
9.70847
9.75997
9.8112
9.86216
9.91286
9.9633
10.0135
10.0634
10.1131
10.1625
10.2117
10.2607
10.3094
10.3579
10.4062
10.4543
10.5021
10.5497
10.5971
10.6443
10.6912
10.738
10.7846
10.8309
10.8771
10.9231
10.9688
11.0144
11.0598
11.105
11.1501
11.1949
11.2396
11.284
11.3284
11.3725
11.4165
11.4603
11.5039
11.5474
11.5907
11.6338
11.6768
11.7196
11.7623
11.8048
11.8471
11.8893
11.9314
11.9733
12.015
12.0567
12.0981
12.1395
12.1806
12.2217
12.2626
12.3034
12.344
12.3845
12.4249
12.4651
12.5052
12.5452
12.5851
12.6248
12.6644
12.7039
12.7433
12.7825
12.8216
12.8606
12.8995
12.9382
12.9769
13.0154
13.0538
13.0921
13.1303
13.1684
13.2064
13.2442
13.282
13.3196
13.3572
13.3946
13.4319
13.4692
13.5063
13.5433
13.5802
4.07407
5.07407
6.07407
7.07407
7.14475
7.21473
7.28403
7.35268
7.42068
7.48806
7.55483
7.62101
7.68662
7.75167
7.81617
7.88014
7.94359
8.00654
8.06899
8.13095
8.19244
8.25348
8.31406
8.3742
8.4339
8.49319
8.55206
8.61052
8.66859
8.72627
8.78357
8.84049
8.89705
8.95325
9.0091
9.0646
9.11976
9.17458
9.22908
9.28326
9.33712
9.39067
9.44391
9.49685
9.5495
9.60186
9.65394
9.70573
9.75724
9.80849
9.85946
9.91018
9.96063
10.0108
10.0608
10.1105
10.1599
10.2091
10.2581
10.3069
10.3554
10.4037
10.4517
10.4996
10.5472
10.5946
10.6418
10.6888
10.7355
10.7821
10.8285
10.8747
10.9206
10.9664
11.012
11.0574
11.1026
11.1477
11.1925
11.2372
11.2817
11.326
11.3702
11.4141
11.4579
11.5016
11.545
11.5884
11.6315
11.6745
11.7173
11.76
11.8025
11.8449
11.8871
11.9291
11.9711
12.0128
12.0544
12.0959
12.1373
12.1785
12.2195
12.2604
12.3012
12.3419
12.3824
12.4228
12.463
12.5031
12.5431
12.583
12.6227
12.6623
12.7018
12.7412
12.7804
12.8195
12.8585
12.8974
12.9362
12.9748
13.0134
13.0518
13.0901
13.1283
13.1664
13.2044
13.2422
13.28
13.3176
13.3552
13.3926
13.43
13.4672
13.5043
13.5413
13.5783
13.6151
13.6518
13.6884
13.725
13.7614
13.7977
13.834
13.8701
13.9062
13.9421
13.978
14.0137
14.0494
14.085
14.1205
14.1559
14.1912
14.2265
14.2616
14.2967
14.3317
14.3665
14.4013
14.4361
14.4707
14.5053
14.5397
14.5741
14.6084
14.6426
14.6768
14.7109
14.7449
14.7788
14.8126
14.8463
14.88
14.9136
14.9472
14.9806
15.014
15.0473
15.0805
15.1137
15.1468
15.1798
15.2127
15.2456
15.2784
15.3111
15.3437
15.3763
15.4089
15.4413
15.4737
15.506
15.5382
15.5704
15.6025
15.6346
15.6666
15.6985
15.7303
15.7621
15.7938
15.8255
15.8571
15.8886
4.76658
5.76658
6.76658
7.76658
8.76658
8.82362
8.88028
8.93659
8.99254
9.04814
9.1034
9.15833
9.21292
9.26719
9.32115
9.37479
9.42812
9.48115
9.53389
9.58634
9.63849
9.69037
9.74197
9.79329
9.84435
