1
2.5
4
5.5
1.65
3.15
3.30873
3.45985
3.60436
3.74308
3.87666
4.00564
4.13046
4.25151
4.36912
4.48356
4.59508
4.70389
4.81018
4.91413
5.01588
5.11556
5.2133
5.30921
5.40339
5.49592
5.5869
5.67639
5.76448
5.85122
5.93667
6.02089
6.10393
6.18585
6.26668
6.34647
6.42525
6.50307
6.57995
6.65594
6.73106
6.80535
6.87882
6.9515
7.02343
7.09462
7.1651
7.23488
7.30399
7.37245
7.44027
7.50747
7.57407
7.64008
7.70553
7.77042
7.83476
7.89858
7.96188
8.02468
8.08699
8.14882
8.21018
8.27108
8.33153
8.39154
8.45112
8.51029
8.56904
8.62739
8.68535
8.74291
8.8001
8.85692
8.91337
8.96947
9.02521
9.08061
9.13568
9.19041
9.24481
9.2989
9.35267
9.40613
9.45928
9.51214
9.56471
9.61698
9.66897
9.72068
9.77212
9.82329
9.87419
9.92482
9.9752
10.0253
10.0752
10.1248
10.1742
10.2234
10.2723
10.3209
10.3694
10.4176
10.4656
10.5134
10.5609
10.6083
10.6554
10.7023
10.7491
10.7956
10.8419
10.888
10.9339
10.9797
11.0252
11.0705
11.1157
11.1607
11.2055
11.2501
11.2946
11.3388
11.3829
11.4268
11.4706
11.5142
11.5576
11.6009
11.644
11.6869
11.7297
11.7723
11.8148
11.8571
11.8993
11.9413
11.9832
12.0249
12.0665
12.1079
12.1492
12.1904
12.2314
12.2723
12.313
12.3536
12.3941
12.4344
12.4746
12.5147
12.5547
12.5945
12.6342
12.6738
12.7132
12.7526
12.7918
12.8309
12.8698
12.9087
12.9474
12.986
13.0245
13.0629
13.1012
13.1394
13.1774
13.2154
13.2532
13.2909
13.3285
13.366
13.4035
13.4408
13.478
13.5151
13.5521
13.5889
13.6257
13.6624
13.699
13.7355
13.7719
13.8082
13.8445
13.8806
13.9166
13.9525
13.9884
14.0241
14.0598
14.0953
14.1308
14.1662
14.2015
14.2367
14.2718
14.3068
14.3418
14.3766
14.4114
14.4461
14.4807
14.5153
14.5497
14.5841
14.6183
14.6526
14.6867
14.7207
14.7547
14.7886
14.8224
14.8561
14.8898
14.9234
14.9569
14.9903
15.0236
15.0569
15.0901
15.1233
15.1563
15.1893
15.2222
15.2551
15.2879
15.3206
15.3532
15.3858
15.4183
15.4507
15.4831
15.5153
15.5476
15.5797
15.6118
15.6438
15.6758
15.7077
15.7395
15.7713
15.803
15.8346
15.8662
15.8977
15.9292
15.9606
15.9919
16.0232
16.0544
4.81631
6.31631
7.81631
9.31631
9.36998
9.42334
9.4764
9.52917
9.58164
9.63382
9.68572
9.73734
9.78869
9.83977
9.89059
9.94114
9.99143
10.0415
10.0913
10.1408
10.1901
10.2392
10.288
10.3366
10.385
10.4331
10.4811
10.5288
10.5763
10.6235
10.6706
10.7175
10.7641
10.8106
10.8568
10.9029
10.9487
10.9944
11.0399
11.0852
11.1303
11.1752
11.2199
3.36598
4.86598
6.36598
6.44452
6.52211
6.59877
6.67454
6.74945
6.82353
6.89681
6.96931
7.04105
7.11206
7.18236
7.25198
7.32093
7.38922
7.45689
7.52394
7.5904
7.65627
7.72157
7.78633
7.85054
7.91423
7.97741
8.04009
8.10228
8.16399
8.22523
8.28602
8.34636
8.40627
8.46575
8.52481
8.58346
8.64171
8.69957
8.75705
8.81414
8.87087
8.92724
8.98324
2.69497
4.19497
5.69497
5.78277
5.86923
5.95442
6.03839
6.1212
6.20288
6.28349
6.36306
6.44164
6.51926
6.59596
6.67176
6.7467
6.82081
6.89412
6.96664
7.03842
7.10945
7.17978
7.24942
7.31839
7.38671
7.4544
7.52148
7.58795
7.65385
7.71918
7.78395
7.84818
7.91189
7.97509
8.03778
8.09999
8.16172
8.22298
8.28379
8.34414
8.40407
8.46356
8.52264
8.58131
8.63957
8.69745
8.75493
8.81204
8.86878
8.92516
8.98118
9.03686
9.09218
9.14718
9.20184
9.25618
9.31019
9.3639
9.41729
9.47039
9.52318
9.57569
9.6279
9.67984
9.73149
9.78287
9.83398
9.88482
9.93541
9.98573
10.0358
10.0856
10.1352
10.1845
10.2336
10.2825
10.3311
10.3795
10.4277
10.4756
10.5234
10.5709
10.6182
10.6653
10.7121
10.7588
10.8053
10.8516
10.8976
10.9435
10.9892
11.0347
11.08
11.1252
11.1701
11.2149
11.2594
11.3038
11.3481
11.3921
11.436
11.4798
11.5233
11.5667
11.6099
11.653
3.4959
4.9959
6.4959
6.57287
6.64894
6.72414
6.7985
6.87204
6.9448
7.0168
7.08806
7.1586
7.22844
7.29761
7.36613
7.43401
7.50127
7.56792
7.63399
7.69949
7.76443
7.82882
7.89269
7.95604
8.01888
8.08124
8.14311
8.20451
8.26545
8.32595
8.386
8.44562
8.50482
8.56361
8.622
8.67999
8.7376
8.79482
8.85167
8.90816
8.96429
9.02006
9.0755
9.13059
9.18535
9.23978
9.2939
9.3477
9.40119
9.45437
9.50726
9.55985
9.61215
9.66417
9.7159
9.76737
9.81856
9.86948
9.92014
9.97055
10.0207
10.0706
10.1202
10.1696
10.2188
10.2677
10.3164
10.3649
10.4131
10.4612
10.509
10.5565
10.6039
10.651
10.698
10.7447
10.7913
10.8376
10.8837
10.9297
10.9754
11.021
11.0663
11.1115
11.1565
11.2013
11.246
11.2904
11.3347
11.3788
11.4228
11.4666
11.5102
11.5536
11.5969
11.64
11.6829
11.7257
11.7684
11.8109
11.8532
11.8954
11.9374
11.9793
12.021
12.0626
12.1041
12.1454
12.1866
12.2276
12.2685
12.3092
12.3499
12.3903
12.4307
12.4709
12.511
12.551
12.5908
12.6305
12.6701
12.7096
12.7489
12.7881
3.83644
5.33644
6.83644
6.90958
6.98194
7.05356
7.12444
7.19462
7.26412
7.33295
7.40114
7.46869
7.53564
7.60199
7.66776
7.73297
7.79763
7.86175
2.35853
3.85853
5.35853
5.45183
5.54355
5.63374
5.72249
5.80987
5.89593
5.98073
6.06433
6.14678
6.22813
6.30841
6.38767
6.46594
6.54327
6.61969
6.69522
6.7699
6.84375
6.91681
6.9891
7.06064
7.13146
7.20157
7.271
7.33976
7.40789
7.47538
7.54227
7.60856
7.67428
7.73943
7.80403
7.8681
7.93165
7.99469
8.05723
8.11929
8.18087
8.24199
8.30265
8.36287
8.42266
2.5268
4.0268
5.5268
5.61727
5.70628
5.7939
5.8802
5.96523
6.04905
6.13171
6.21325
6.29372
6.37317
6.45162
6.52912
6.6057
6.68139
6.75623
6.83023
6.90344
6.97587
7.04754
7.11849
7.18873
7.25828
7.32717
7.39541
7.46302
7.53001
7.59641
7.66223
7.72749
7.79219
7.85636
7.92
7.98313
8.04577
8.10791
8.16958
8.23078
8.29153
8.35183
8.4117
8.47114
8.53016
8.58878
8.647
8.70482
8.76226
8.81932
8.87601
8.93235
8.98832
9.04395
9.09924
9.15419
9.20881
9.2631
9.31708
9.37074
9.4241
9.47716
9.52992
9.58238
9.63456
9.68646
9.73808
9.78942
9.8405
9.89131
9.94186
9.99215
10.0422
10.092
10.1415
10.1908
10.2399
10.2887
10.3373
10.3857
10.4338
10.4817
10.5294
10.5769
10.6242
10.6713
10.7181
10.7648
10.8112
10.8575
10.9035
10.9494
10.995
11.0405
11.0858
11.1309
11.1758
11.2206
11.2651
11.3095
11.3537
11.3978
3.41933
4.91933
6.41933
6.49722
6.57417
6.65023
6.72541
6.79976
6.87329
2.06199
3.56199
3.70236
3.83741
3.9677
4.09372
4.21586
4.33446
4.44981
4.56218
4.67178
4.7788
4.88343
4.98582
5.0861
5.18441
5.28085
5.37553
5.46855
5.55998
5.64991
5.7384
5.82554
5.91137
5.99595
6.07934
6.16158
6.24273
6.32282
6.4019
6.48001
6.55717
6.63342
6.70879
6.78332
6.85703
6.92995
7.0021
7.07351
7.1442
7.21418
7.28349
7.35214
7.42015
7.48753
7.55431
7.6205
7.68611
7.75116
7.81567
7.87964
7.9431
8.00604
8.0685
8.13047
8.19196
8.253
8.31358
8.37372
8.43343
8.49272
8.5516
8.61007
8.66814
8.72582
8.78312
8.84005
8.89661
8.95281
9.00866
9.06416
9.11932
9.17415
9.22865
9.28283
9.33669
9.39025
9.44349
9.49644
9.54909
9.60145
9.65353
9.70532
9.75684
9.80809
9.85906
9.90978
9.96023
10.0104
10.0604
10.1101
10.1595
10.2088
10.2577
10.3065
10.355
10.4033
10.4513
10.4992
10.5468
10.5942
10.6414
10.6884
10.7352
10.7817
10.8281
3.24844
4.74844
6.24844
6.32846
6.40746
6.4855
6.56259
6.63878
6.7141
6.78857
6.86222
6.93508
7.00718
7.07854
7.14917
7.21911
7.28837
7.35697
7.42494
7.49228
7.55901
7.62516
7.69073
7.75574
7.82021
7.88415
7.94757
8.01048
8.0729
8.13483
8.1963
8.2573
8.31785
8.37797
8.43765
8.4969
8.55575
8.61419
8.67223
8.72989
8.78716
8.84406
8.9006
8.95677
9.0126
9.06808
9.12321
9.17802
9.2325
9.28665
9.3405
9.39403
9.44725
9.50018
9.55281
9.60515
9.6572
9.70898
9.76048
9.8117
9.86266
9.91336
9.9638
10.014
10.0639
10.1136
10.163
10.2122
10.2612
10.3099
10.3584
10.4067
10.4547
10.5026
10.5502
10.5976
10.6447
10.6917
10.7385
10.785
10.8314
10.8776
10.9235
10.9693
11.0149
11.0603
11.1055
11.1505
11.1953
11.24
11.2845
11.3288
11.3729
11.4169
11.4607
11.5043
11.5478
11.5911
11.6342
11.6772
11.72
11.7627
11.8052
11.8475
11.8897
11.9318
11.9737
12.0155
12.0571
12.0985
12.1399
12.181
12.2221
12.263
12.3038
12.3444
3.70332
5.20332
6.70332
6.77791
6.85168
6.92466
2.0774
3.5774
3.71716
3.85167
3.98149
4.10707
1.23212
2.73212
2.91513
3.08665
3.24864
3.40255
3.5495
3.69036
3.82585
3.95654
4.08291
4.20537
4.32427
4.4399
4.55251
4.66234
4.76958
4.87441
4.97699
5.07745
5.17593
5.27253
5.36736
5.46051
