1
2
3
4
1.2
2.2
2.65455
3.03126
3.36115
3.65867
3.93199
4.18632
4.42519
4.65117
4.86617
5.07167
5.26884
5.45864
5.64183
5.81908
5.99093
6.15785
6.32024
6.47847
6.63282
6.78359
6.931
7.07528
7.21662
7.35519
7.49115
7.62464
7.75579
7.88473
8.01156
8.13637
8.25928
8.38036
8.49968
8.61733
8.73338
8.84788
8.9609
9.0725
9.18272
9.29162
9.39925
9.50564
9.61084
9.71489
9.81782
9.91968
10.0205
10.1203
10.2191
10.317
10.4139
10.5099
10.6051
10.6993
10.7928
10.8855
10.9773
11.0684
11.1588
11.2484
11.3373
11.4255
11.513
11.5999
11.6861
11.7717
11.8566
11.9409
12.0247
12.1079
12.1904
12.2725
12.354
12.4349
12.5153
12.5952
12.6746
12.7535
12.8319
12.9099
12.9873
13.0643
13.1409
13.217
13.2926
13.3679
13.4427
13.517
13.591
13.6646
13.7378
13.8106
13.883
13.955
14.0267
14.098
14.1689
14.2395
14.3097
14.3796
14.4491
14.5183
14.5872
14.6558
14.724
14.7919
14.8595
14.9268
14.9938
15.0605
15.1269
15.193
15.2588
15.3244
15.3896
15.4546
15.5193
15.5837
15.6479
15.7118
15.7755
15.8389
15.902
15.9649
16.0275
16.0899
16.1521
16.214
16.2756
16.3371
16.3983
16.4593
16.52
16.5806
16.6409
16.701
16.7609
16.8205
16.88
16.9392
16.9982
17.0571
17.1157
17.1741
17.2324
17.2904
17.3482
17.4059
17.4633
17.5206
17.5777
17.6345
17.6912
17.7478
17.8041
17.8603
17.9163
17.9721
18.0277
18.0832
18.1385
18.1936
18.2486
18.3034
18.358
18.4125
18.4668
18.521
18.575
18.6288
18.6825
18.736
18.7894
18.8426
18.8957
18.9486
19.0014
19.054
19.1065
19.1588
19.211
19.2631
19.315
19.3667
19.4184
19.4699
19.5212
19.5725
19.6236
19.6745
19.7253
19.776
19.8266
19.877
19.9274
19.9775
20.0276
20.0775
20.1273
20.177
20.2266
20.276
20.3253
20.3745
20.4236
20.4726
20.5214
20.5702
20.6188
20.6673
20.7157
20.7639
20.8121
20.8601
20.9081
20.9559
21.0036
21.0512
21.0987
21.1461
21.1934
21.2406
21.2877
21.3347
21.3815
21.4283
21.475
21.5215
21.568
21.6144
21.6606
21.7068
21.7529
21.7988
21.8447
21.8905
21.9362
21.9818
22.0273
22.0726
22.118
22.1632
22.2083
22.2533
22.2983
22.3431
22.3879
6.71636
7.71636
8.71636
9.71636
10.7164
11.7164
11.8017
11.8864
11.9706
12.0541
12.1371
12.2195
12.3013
12.3826
12.4633
12.5436
12.6233
12.7025
12.7812
12.8595
12.9373
13.0145
13.0914
13.1678
13.2437
13.3192
13.3943
13.469
13.5432
13.617
13.6905
13.7635
13.8362
13.9085
13.9804
14.0519
14.123
14.1939
14.2643
14.3344
14.4042
14.4736
14.5427
4.36281
5.36281
6.36281
7.36281
7.49862
7.63198
7.76301
7.89183
8.01854
8.14325
8.26605
8.38703
8.50626
8.62382
8.73978
8.8542
8.96714
9.07866
9.1888
9.29763
9.40519
9.51151
9.61665
9.72063
9.82351
9.9253
10.0261
10.1258
10.2246
10.3224
10.4192
10.5152
10.6103
10.7046
10.798
10.8906
10.9824
11.0735
11.1638
11.2533
11.3422
11.4304
11.5179
3.45536
4.45536
5.45536
6.45536
6.61027
6.76155
6.90944
7.05417
7.19593
7.3349
7.47123
7.60508
7.73657
7.86583
7.99296
8.11807
8.24125
8.36259
8.48217
8.60007
8.71635
8.83107
8.94431
9.05611
9.16654
9.27563
9.38344
9.49001
9.59538
9.6996
9.8027
9.90471
10.0057
10.1056
10.2046
10.3026
10.3996
10.4958
10.5911
10.6855
10.7791
10.8718
10.9638
11.055
11.1455
11.2352
11.3242
11.4125
11.5001
11.5871
11.6734
11.7591
11.8441
11.9285
12.0124
12.0956
12.1783
12.2604
12.342
12.423
12.5035
12.5835
12.6629
12.7419
12.8204
12.8984
12.9759
13.053
13.1296
13.2058
13.2815
13.3568
13.4316
13.5061
13.5801
13.6538
13.727
13.7999
13.8723
13.9444
14.0161
14.0875
14.1585
14.2291
14.2994
14.3693
14.4389
14.5081
14.5771
14.6457
14.714
14.7819
14.8496
14.9169
14.9839
15.0507
15.1171
15.1833
15.2491
15.3147
15.38
15.445
15.5098
15.5743
15.6385
15.7024
4.71072
5.71072
6.71072
7.71072
8.71072
8.82552
8.93883
9.0507
9.16119
9.27035
9.37822
9.48485
9.59028
9.69455
9.7977
9.89977
10.0008
10.1008
10.1998
10.2978
10.3949
10.4911
10.5864
10.6809
10.7745
10.8673
10.9594
11.0506
11.1411
11.2309
11.3199
11.4082
11.4959
11.5829
11.6692
11.7549
11.84
11.9244
12.0083
12.0916
12.1743
12.2564
12.338
12.4191
12.4996
12.5796
12.6591
12.7381
12.8166
12.8946
12.9722
13.0492
13.1259
13.2021
13.2778
13.3531
13.428
13.5025
13.5765
13.6502
13.7235
13.7963
13.8688
13.9409
14.0126
14.084
14.155
14.2257
14.296
14.3659
14.4355
14.5048
14.5737
14.6423
14.7106
14.7786
14.8463
14.9136
14.9807
15.0474
15.1139
15.1801
15.2459
15.3115
15.3768
15.4419
15.5066
15.5711
15.6353
15.6993
15.763
15.8264
15.8896
15.9526
16.0152
16.0777
16.1399
16.2018
16.2636
16.325
16.3863
16.4473
16.5081
16.5687
16.6291
16.6892
16.7491
16.8088
16.8683
16.9276
16.9867
17.0455
17.1042
17.1627
17.2209
17.279
17.3369
17.3946
17.4521
17.5094
17.5665
17.6234
17.6801
17.7367
5.32101
6.32101
7.32101
8.32101
9.32101
9.42829
9.53436
9.63924
9.74298
9.84562
9.94719
10.0477
10.1472
10.2458
10.3434
10.4401
10.5359
10.6308
3.18923
4.18923
5.18923
6.18923
6.3508
6.50826
6.66191
6.81202
6.95882
7.10252
7.24332
7.38138
7.51685
7.64989
7.78061
7.90913
8.03557
8.16002
8.28256
8.4033
8.5223
8.63964
8.75539
8.8696
8.98235
9.09367
9.20364
9.31229
9.41968
9.52584
9.63082
9.73465
9.83738
9.93903
10.0396
10.1392
10.2379
10.3356
10.4323
10.5282
10.6231
10.7173
10.8106
10.9031
10.9948
3.29844
4.29844
5.29844
6.29844
6.45721
6.61208
6.76331
6.91117
7.05586
7.19759
7.33653
7.47283
7.60665
7.73811
7.86734
7.99445
8.11954
8.2427
8.36402
8.48358
8.60145
8.71771
8.83242
8.94564
9.05743
9.16783
9.27691
9.3847
9.49126
9.59662
9.70082
9.80391
9.90591
10.0069
10.1068
10.2057
10.3037
10.4008
10.4969
10.5922
10.6866
10.7802
10.8729
10.9649
11.0561
11.1465
11.2363
11.3253
11.4136
11.5012
11.5881
11.6744
11.7601
11.8451
11.9295
12.0134
12.0966
12.1793
12.2614
12.3429
12.4239
12.5044
12.5844
12.6639
12.7428
12.8213
12.8993
12.9768
13.0539
13.1305
13.2067
13.2824
13.3577
13.4325
13.507
13.581
13.6546
13.7279
13.8007
13.8732
13.9453
14.017
14.0883
14.1593
14.2299
14.3002
14.3701
14.4397
14.509
14.5779
14.6465
14.7148
14.7827
14.8504
14.9177
14.9847
15.0515
15.1179
15.1841
15.2499
15.3155
15.3808
4.61423
5.61423
6.61423
7.61423
8.61423
8.73032
8.84487
8.95793
9.06956
2.72087
3.72087
4.72087
4.93269
5.13542
5.33015
5.51776
5.69899
5.87446
6.04469
6.21013
6.37115
6.52811
6.68129
6.83097
6.97736
7.12068
7.26111
7.39883
7.53399
7.66672
7.79716
7.92541
8.05158
8.17578
8.2981
8.41861
8.53739
8.65452
8.77007
8.88409
8.99665
9.10781
9.2176
9.32609
9.43332
9.53932
9.64415
9.74784
9.85043
9.95195
10.0524
10.1519
10.2504
10.348
10.4446
10.5404
10.6352
10.7293
10.8225
10.9149
11.0065
11.0973
11.1874
11.2768
11.3655
11.4535
11.5408
11.6274
11.7135
11.7988
11.8836
11.9677
12.0513
12.1343
12.2167
12.2985
12.3798
12.4606
12.5409
12.6206
12.6998
12.7786
12.8568
12.9346
13.0119
13.0888
13.1652
13.2411
13.3167
13.3918
13.4664
13.5407
13.6145
13.688
13.7611
13.8337
13.906
13.9779
14.0495
14.1206
14.1915
14.2619
14.332
14.4018
14.4712
14.5403
14.6091
14.6776
14.7457
14.8135
14.881
14.9482
15.0151
15.0817
15.148
4.54441
5.54441
6.54441
7.54441
8.54441
8.66144
8.7769
8.89083
9.00331
9.11438
9.2241
9.33251
9.43966
9.5456
9.65036
9.75398
9.8565
9.95796
10.0584
10.1578
10.2562
10.3537
10.4503
10.546
10.6408
10.7348
10.828
10.9203
11.0119
11.1027
11.1928
11.2821
11.3708
11.4587
11.546
11.6326
11.7186
11.8039
11.8886
11.9727
12.0562
12.1392
12.2216
12.3034
12.3847
12.4654
12.5456
12.6253
12.7045
12.7833
12.8615
12.9392
13.0165
13.0933
13.1697
13.2457
13.3211
13.3962
13.4709
13.5451
13.6189
13.6924
13.7654
13.838
13.9103
13.9822
14.0537
14.1249
14.1957
14.2661
14.3362
14.406
14.4754
14.5445
14.6132
14.6816
14.7498
14.8175
14.885
14.9522
15.0191
15.0857
15.152
15.218
15.2837
15.3491
15.4143
15.4791
15.5437
15.6081
15.6721
15.7359
15.7995
15.8628
15.9258
15.9886
16.0512
16.1135
16.1755
16.2373
16.2989
16.3603
16.4214
16.4823
16.543
16.6034
16.6637
16.7237
16.7835
16.843
16.9024
16.9616
17.0205
17.0793
17.1378
17.1962
5.15886
6.15886
7.15886
8.15886
9.15886
9.26804
2.78041
3.78041
4.78041
4.9896
5.19002
5.38269
1.61481
2.61481
3.61481
3.89145
4.14842
4.38948
4.61729
4.83387
5.04075
5.23913
5.43
5.61416
5.79228
5.96493
6.13257
6.29564
6.45448
6.60941
6.76071
6.90862
7.05337
7.19514
7.33413
7.47048
