1
2
3
4
5
6
7
1
2
3
4
4.25
4.48529
4.70824
4.92064
5.12386
5.31903
5.50703
5.68862
5.86441
6.03493
6.20063
6.36191
6.51909
6.67249
6.82236
6.96893
7.11243
7.25303
7.3909
7.5262
7.65907
7.78963
7.91801
8.0443
8.16862
8.29104
8.41165
8.53053
8.64776
8.76339
8.8775
8.99015
9.10138
9.21125
9.31982
9.42712
9.53319
9.63809
9.74184
9.84449
9.94607
10.0466
10.1462
10.2447
10.3423
10.439
10.5348
10.6297
10.7238
10.8171
10.9095
11.0012
11.0921
11.1822
11.2716
11.3604
11.4484
11.5357
11.6224
11.7085
11.7939
11.8787
11.9629
12.0464
12.1295
12.2119
12.2938
12.3751
12.4559
12.5362
12.616
12.6953
12.774
12.8523
12.9301
13.0075
13.0843
13.1608
13.2367
13.3123
13.3874
13.4621
13.5364
13.6103
13.6837
13.7568
13.8295
13.9018
13.9737
14.0453
14.1165
14.1873
14.2578
14.328
14.3978
14.4672
14.5363
14.6051
14.6736
14.7418
14.8096
14.8771
14.9443
15.0112
15.0779
15.1442
15.2102
15.276
15.3414
15.4066
15.4715
15.5361
15.6005
15.6646
15.7285
15.792
15.8554
15.9184
15.9812
16.0438
16.1061
16.1682
16.2301
16.2917
16.3531
16.4142
16.4752
16.5359
1.65359
2.65359
3.65359
4.65359
5.65359
6.65359
7.65359
8.65359
8.76914
8.88318
8.99575
9.10692
9.21672
9.32522
9.43246
9.53847
9.64331
9.74701
9.84961
9.95113
10.0516
10.1511
1.01511
2.01511
3.01511
4.01511
5.01511
6.01511
6.18136
6.34314
6.50079
6.65461
6.80489
6.95184
7.09569
7.23662
7.3748
7.5104
7.64355
7.77438
7.90301
8.02954
1
2
3
4
5
5.2
5.39231
5.57776
5.75704
5.93074
6.09935
6.26331
6.42297
6.57866
6.73066
6.87924
7.0246
7.16696
7.30649
7.44335
7.5777
7.70967
7.83937
7.96694
1
2
3
4
4.25
4.48529
4.70824
4.92064
5.12386
5.31903
5.50703
5.68862
5.86441
1
2
3
3.33333
3.63333
3.90856
4.16441
4.40454
4.63158
4.84749
5.05378
5.25165
5.44207
5.62582
5.80357
5.97588
6.14322
6.306
6.46458
6.61927
6.77034
6.91805
7.0626
7.20419
7.343
7.47918
7.61288
7.74424
7.87337
8.00038
8.12537
8.24844
8.36968
8.48916
8.60696
8.72314
8.83778
8.95093
9.06265
9.17299
9.28201
9.38974
9.49624
9.60155
9.7057
9.80873
9.91068
10.0116
10.1115
10.2104
10.3083
10.4053
10.5014
10.5966
10.691
10.7845
1.07845
2.07845
3.07845
4.07845
5.07845
6.07845
6.24297
6.40315
6.55932
6.71178
6.86077
7.00653
7.14925
7.28913
7.42632
7.56097
7.69323
7.82321
7.95104
8.07681
8.20062
8.32256
8.44272
8.56116
8.67797
8.7932
8.90693
9.0192
9.13007
9.2396
9.34783
9.45481
9.56058
9.66517
9.76864
9.871
9.97231
10.0726
10.1719
10.2702
10.3675
10.464
10.5596
10.6543
10.7481
10.8412
10.9334
11.0249
11.1156
11.2055
11.2948
11.3833
1.13833
2.13833
3.13833
4.13833
5.13833
6.13833
6.30124
6.45994
6.61474
6.76592
6.91372
7.05836
7.20003
7.33892
7.47518
7.60896
7.74038
7.86958
7.99665
8.1217
8.24483
8.36611
8.48564
8.60349
8.71972
8.8344
8.9476
1
2
3
4
5
1
2
3
3.33333
3.63333
3.90856
4.16441
4.40454
4.63158
4.84749
5.05378
5.25165
5.44207
5.62582
5.80357
5.97588
6.14322
6.306
6.46458
6.61927
6.77034
6.91805
7.0626
7.20419
7.343
7.47918
7.61288
7.74424
7.87337
8.00038
8.12537
8.24844
8.36968
8.48916
8.60696
8.72314
8.83778
8.95093
9.06265
9.17299
9.28201
9.38974
9.49624
9.60155
9.7057
9.80873
9.91068
10.0116
10.1115
10.2104
10.3083
10.4053
10.5014
10.5966
10.691
10.7845
10.8773
10.9692
11.0604
11.1508
11.2405
11.3294
11.4177
11.5053
11.5922
11.6785
11.7641
11.8491
11.9335
12.0173
12.1005
12.1831
12.2652
12.3468
12.4277
12.5082
12.5882
12.6676
12.7465
12.825
12.903
12.9805
13.0575
13.1341
13.2102
13.2859
13.3612
13.436
13.5105
13.5845
13.6581
13.7313
13.8041
13.8766
13.9486
14.0203
14.0917
14.1626
14.2332
14.3035
14.3734
14.443
14.5122
14.5811
14.6497
14.718
14.7859
14.8535
14.9209
14.9879
15.0546
15.121
15.1872
15.253
15.3186
15.3838
15.4489
15.5136
15.578
15.6422
15.7062
15.7698
15.8332
15.8964
15.9593
16.022
16.0844
16.1466
16.2085
16.2702
16.3316
16.3929
16.4539
16.5147
16.5752
16.6355
16.6957
16.7555
16.8152
16.8747
16.934
16.993
17.0519
17.1105
17.1689
17.2272
17.2852
17.3431
17.4008
17.4582
17.5155
17.5726
17.6295
17.6862
17.7428
17.7991
17.8553
17.9113
17.9671
18.0228
18.0783
18.1336
18.1887
18.2437
18.2985
18.3532
18.4077
18.462
18.5162
18.5702
18.624
18.6777
18.7313
18.7846
18.8379
18.891
18.9439
18.9967
19.0493
19.1018
19.1542
19.2064
19.2584
19.3104
19.3622
19.4138
19.4653
19.5167
19.5679
19.619
19.67
19.7208
19.7715
19.8221
19.8726
19.9229
19.9731
20.0232
20.0731
20.1229
20.1726
20.2222
20.2716
20.321
20.3702
20.4193
20.4682
20.5171
20.5658
20.6145
20.663
20.7114
20.7596
20.8078
20.8559
20.9038
20.9517
20.9994
21.047
21.0945
21.1419
21.1892
21.2364
2.12364
3.12364
4.12364
5.12364
6.12364
7.12364
8.12364
9.12364
10.1236
11.1236
11.2135
11.3027
11.3912
11.479
11.5661
11.6526
11.7384
11.8236
11.9081
11.9921
12.0755
12.1583
12.2406
12.3223
12.4034
12.484
12.5641
12.6437
12.7228
12.8014
12.8795
12.9572
13.0344
13.1111
13.1873
13.2632
13.3386
13.4135
1.34135
2.34135
3.34135
4.34135
5.34135
6.34135
7.34135
7.47757
7.6113
7.74269
7.87184
7.99888
8.12389
8.24699
8.36824
8.48774
8.60556
8.72176
8.83642
8.94959
9.06132
9.17168
9.28071
9.38846
9.49498
9.6003
9.70446
9.80751
9.90947
10.0104
10.1103
10.2092
10.3071
10.4042
10.5003
10.5955
10.6899
10.7834
10.8762
10.9681
11.0593
11.1497
11.2394
11.3284
11.4166
11.5042
11.5912
11.6774
11.7631
11.8481
11.9325
12.0163
12.0995
12.1822
12.2642
12.3458
12.4268
12.5073
12.5872
12.6667
12.7456
12.8241
12.902
12.9795
13.0566
13.1332
13.2093
13.285
13.3603
13.4351
13.5096
13.5836
13.6572
13.7304
13.8033
13.8757
13.9478
14.0195
14.0908
14.1618
14.2324
14.3027
14.3726
14.4421
14.5114
14.5803
14.6489
14.7171
14.7851
14.8527
14.9201
14.9871
15.0538
15.1202
15.1864
15.2522
15.3178
15.3831
15.4481
15.5128
15.5773
15.6415
15.7054
15.7691
15.8325
15.8957
15.9586
16.0212
16.0836
16.1458
16.2078
16.2694
16.3309
16.3921
16.4532
16.5139
16.5745
16.6348
16.6949
16.7548
16.8145
16.874
16.9333
16.9923
17.0512
17.1098
17.1683
17.2265
17.2845
17.3424
17.4001
17.4575
17.5148
17.5719
17.6288
17.6855
17.7421
17.7985
17.8546
17.9106
17.9665
18.0221
18.0776
18.1329
18.1881
18.2431
18.2979
18.3525
18.407
18.4614
18.5155
1.85155
2.85155
3.85155
4.85155
5.85155
6.85155
7.85155
8.85155
9.85155
9.95306
10.0535
10.153
10.2515
10.349
10.4457
10.5414
10.6363
10.7303
10.8235
10.9159
11.0075
11.0983
11.1884
11.2778
11.3665
11.4545
11.5418
11.6284
11.7144
11.7998
11.8845
11.9686
12.0522
12.1352
12.2176
12.2994
12.3807
12.4615
12.5418
12.6215
12.7007
12.7794
12.8577
12.9355
13.0128
13.0896
13.166
13.242
13.3175
13.3926
13.4673
13.5415
13.6154
13.6888
13.7619
13.8345
13.9068
13.9787
14.0502
14.1214
14.1922
14.2627
14.3328
14.4026
14.472
14.5411
14.6099
14.6783
14.7465
14.8143
14.8818
14.949
15.0159
15.0825
15.1488
15.2148
15.2805
15.3459
15.4111
15.476
15.5406
15.605
15.669
15.7329
15.7964
15.8597
15.9228
15.9856
16.0481
16.1104
16.1725
16.2344
16.296
16.3573
16.4185
16.4794
16.54
16.6005
16.6607
16.7208
16.7806
16.8402
16.8995
16.9587
17.0177
17.0764
17.135
17.1934
17.2515
17.3095
17.3673
17.4248
17.4822
17.5394
17.5964
17.6533
17.7099
17.7664
17.8227
17.8788
17.9347
17.9905
18.0461
18.1015
18.1567
18.2118
18.2667
18.3214
18.376
18.4304
18.4847
18.5388
18.5927
18.6465
18.7002
18.7536
18.807
18.8601
18.9131
18.966
19.0187
19.0713
19.1238
19.1761
19.2282
19.2802
19.3321
19.3838
19.4354
19.4868
19.5382
19.5893
19.6404
19.6913
19.7421
19.7927
19.8433
19.8937
19.9439
19.9941
20.0441
20.094
20.1437
20.1934
20.2429
20.2923
20.3416
20.3907
20.4398
20.4887
20.5375
20.5862
20.6348
20.6832
20.7316
20.7798
20.828
20.876
20.9239
20.9717
21.0193
21.0669
21.1144
21.1618
21.209
21.2562
21.3032
21.3501
21.397
21.4437
21.4903
21.5369
21.5833
21.6296
21.6759
21.722
21.768
21.814
21.8598
21.9056
21.9512
21.9968
22.0422
22.0876
22.1329
22.1781
2.21781
3.21781
4.21781
5.21781
6.21781
7.21781
8.21781
9.21781
10.2178
11.2178
11.307
11.3954
11.4831
11.5702
11.6567
11.7424
11.8276
11.9122
11.9961
12.0795
12.1622
12.2445
12.3261
12.4073
12.4879
