4
5
6
7
8
9
10
11
12
13
14
15
16
17
18
19
20
21
22
23
24
25
26
27
28
29
30
31
32
33
34
35
36
37
38
39
40
41
42
43
44
45
46
47
48
49
50
51
52
53
54
55
56
57
58
59
60
61
62
63
64
65
66
67
68
69
70
71
72
73
74
75
76
77
78
79
80
81
82
83
84
85
86
87
88
89
90
91
92
93
94
95
96
97
98
99
100
101
102
103
104
105
106
107
108
109
110
111
112
113
114
115
116
117
118
119
120
121
122
123
124
125
126
127
128
129
130
131
132
133
134
135
136
137
138
139
140
141
142
143
144
145
146
147
148
149
150
151
152
153
154
155
156
157
158
159
160
161
162
163
164
165
166
167
168
169
170
171
172
173
174
175
176
177
178
179
180
181
182
183
184
185
186
187
188
189
190
191
192
193
194
195
196
197
198
199
200
201
202
203
204
205
206
207
208
209
210
211
212
213
214
215
216
217
218
219
220
221
222
223
224
225
226
227
228
229
230
231
232
233
234
235
236
237
238
239
240
241
242
243
244
245
246
247
248
249
250
251
252
253
254
255
256
257
258
259
260
261
262
263
264
265
266
267
268
269
270
271
272
273
274
275
276
277
278
279
280
281
28.1
29.1
30.1
31.1
32.1
33.1
34.1
35.1
36.1
37.1
38.1
39.1
40.1
41.1
42.1
43.1
44.1
45.1
46.1
47.1
48.1
49.1
50.1
51.1
52.1
53.1
54.1
55.1
56.1
57.1
58.1
59.1
60.1
61.1
62.1
63.1
64.1
65.1
66.1
67.1
68.1
69.1
70.1
71.1
72.1
73.1
74.1
75.1
76.1
77.1
78.1
79.1
80.1
81.1
82.1
83.1
84.1
85.1
86.1
87.1
88.1
89.1
90.1
91.1
92.1
93.1
94.1
95.1
96.1
9.61
10.61
11.61
12.61
13.61
14.61
15.61
16.61
17.61
18.61
19.61
20.61
21.61
22.61
23.61
24.61
2.461
3.461
4.461
5.461
6.461
7.461
8.461
9.461
10.461
11.461
12.461
12.5413
12.621
12.7002
12.779
12.8572
12.935
13.0123
13.0892
13.1655
13.2415
13.317
13.3921
13.4668
13.541
13.6149
13.6883
13.7614
13.8341
13.9064
13.9783
14.0498
14.121
14.1918
14.2623
1.42623
2.42623
3.42623
4.42623
5.42623
6.42623
7.42623
7.56088
7.69314
7.82313
7.95096
8.07673
8.20054
8.32248
8.44264
8.56108
8.67789
8.79313
8.90685
9.01913
9.13
9.23953
9.34776
9.45474
9.56051
9.6651
9.76857
9.87094
9.97224
10.0725
10.1718
10.2701
10.3675
10.4639
10.5595
10.6542
10.7481
10.8411
10.9333
11.0248
11.1155
11.2055
11.2947
11.3833
11.4711
11.5583
11.6448
11.7307
11.8159
11.9006
11.9846
12.068
12.1509
12.2332
12.3149
12.3961
12.4768
12.557
12.6366
12.7157
12.7944
12.8725
12.9502
13.0274
13.1042
13.1805
1.31805
2.31805
3.31805
4.31805
5.31805
6.31805
7.31805
7.4547
7.58884
7.72061
7.85014
7.97752
8.10288
8.22629
8.34785
8.46764
8.58574
8.70221
8.81712
8.93054
9.04252
9.1531
9.26236
9.37032
9.47704
9.58256
9.68691
9.79015
9.89229
9.99338
10.0934
10.1925
10.2906
10.3878
10.4841
10.5795
10.674
10.7677
10.8605
10.9526
11.0439
11.1345
11.2243
11.3134
11.4018
11.4895
11.5765
11.6629
11.7486
11.8337
11.9182
12.0021
12.0855
12.1682
12.2504
12.332
12.4131
12.4937
12.5737
12.6532
12.7323
12.8108
12.8889
12.9665
13.0436
13.1202
13.1965
13.2722
13.3476
13.4225
13.497
13.5711
13.6448
13.7181
13.791
13.8635
13.9356
14.0074
14.0788
14.1498
14.2205
14.2908
14.3608
14.4304
14.4997
14.5687
14.6373
14.7056
14.7736
14.8413
14.9087
14.9758
15.0425
15.109
15.1752
15.2411
15.3067
15.372
15.4371
15.5019
15.5664
15.6306
15.6946
15.7583
15.8218
15.885
15.9479
16.0106
16.0731
16.1353
16.1973
16.259
16.3205
16.3818
16.4428
16.5037
16.5643
16.6246
16.6848
16.7447
16.8044
16.8639
16.9232
16.9823
17.0412
17.0999
17.1584
17.2167
17.2747
17.3326
17.3903
17.4478
17.5051
17.5623
17.6192
17.676
17.7325
17.7889
17.8451
17.9012
17.957
18.0127
18.0682
18.1236
18.1788
18.2338
18.2886
18.3433
18.3978
18.4522
18.5064
18.5604
18.6143
18.668
18.7216
18.775
18.8282
18.8814
18.9343
18.9871
19.0398
19.0923
19.1447
19.1969
19.249
19.301
19.3528
19.4045
19.456
19.5074
19.5587
19.6098
19.6608
19.7116
19.7624
19.813
19.8634
19.9138
19.964
20.0141
20.0641
20.1139
20.1636
20.2132
20.2627
20.312
20.3613
20.4104
20.4594
20.5083
20.557
20.6057
20.6542
20.7026
20.7509
20.7991
20.8472
20.8951
20.943
20.9908
21.0384
21.0859
21.1334
21.1807
21.2279
21.275
21.322
21.3689
21.4157
21.4624
21.509
21.5555
21.6019
21.6482
21.6943
21.7404
21.7864
21.8323
21.8781
21.9239
21.9695
22.015
22.0604
22.1057
22.151
22.1961
22.2412
22.2861
22.331
22.3758
2.23758
3.23758
4.23758
5.23758
6.23758
7.23758
8.23758
9.23758
10.2376
11.2376
11.3266
11.4149
11.5025
11.5894
11.6757
11.7613
11.8464
11.9308
12.0146
12.0978
12.1805
12.2626
12.3441
12.4251
12.5056
12.5856
12.665
12.744
1.2744
2.2744
3.2744
4.2744
5.2744
6.2744
7.2744
7.41187
7.54679
7.67929
7.80951
7.93756
8.06355
8.18756
8.3097
8.43004
8.54866
8.66564
8.78104
8.89492
9.00734
9.11836
9.22803
9.3364
9.44351
9.5494
9.65412
9.7577
9.86018
9.9616
10.062
10.1614
10.2598
10.3573
10.4538
10.5495
10.6443
10.7382
10.8313
10.9236
11.0152
11.106
11.196
11.2853
11.3739
11.4619
11.5491
11.6357
11.7216
11.807
11.8917
11.9757
12.0592
12.1422
12.2245
12.3063
12.3876
12.4683
12.5485
12.6282
12.7074
12.7861
12.8643
12.942
13.0193
13.0961
13.1725
13.2484
13.3239
13.3989
13.4736
13.5478
13.6216
13.695
13.768
13.8406
13.9129
13.9848
14.0563
14.1274
14.1982
14.2686
14.3387
14.4085
14.4779
14.5469
14.6157
14.6841
14.7522
14.82
14.8875
14.9546
15.0215
15.0881
15.1544
15.2203
15.286
15.3515
15.4166
15.4815
15.5461
15.6104
15.6744
15.7382
15.8018
15.8651
15.9281
15.9909
16.0534
16.1157
16.1778
16.2396
16.3012
16.3625
16.4236
16.4845
16.5452
16.6056
16.6658
16.7258
16.7856
16.8452
16.9046
16.9637
17.0227
17.0814
17.1399
17.1983
17.2564
17.3144
17.3721
17.4297
17.4871
17.5443
17.6013
17.6581
17.7147
17.7712
17.8274
17.8835
17.9394
17.9952
18.0508
18.1062
18.1614
18.2164
18.2713
18.3261
18.3806
18.435
18.4893
18.5434
18.5973
18.6511
18.7047
18.7582
18.8115
18.8646
18.9176
18.9705
19.0232
19.0758
19.1282
19.1805
19.2326
19.2846
19.3365
19.3882
19.4398
19.4912
19.5425
19.5937
19.6447
19.6956
19.7464
19.797
19.8475
19.8979
19.9482
19.9983
20.0483
20.0982
20.1479
20.1976
20.2471
20.2965
20.3458
20.3949
20.4439
20.4928
20.5416
20.5903
20.6389
20.6873
20.7357
20.7839
20.832
20.88
20.9279
20.9757
21.0234
21.0709
21.1184
21.1658
21.213
21.2601
21.3072
21.3541
21.4009
21.4477
21.4943
21.5408
21.5872
21.6336
21.6798
21.7259
21.7719
21.8179
21.8637
21.9094
21.9551
22.0006
22.0461
22.0914
22.1367
22.1819
22.227
22.272
22.3169
22.3617
22.4064
22.451
22.4956
22.54
22.5844
22.6287
22.6728
22.717
22.761
22.8049
22.8488
22.8925
22.9362
22.9798
23.0233
23.0668
23.1101
23.1534
23.1966
23.2397
23.2827
23.3257
23.3685
23.4113
23.454
23.4967
23.5392
23.5817
23.6241
23.6665
23.7087
2.37087
3.37087
4.37087
5.37087
6.37087
7.37087
8.37087
9.37087
10.3709
11.3709
12.3709
12.4517
12.532
12.6118
12.6911
12.7699
12.8482
12.926
