4
5.5
7
8.5
10
11.5
13
14.5
16
17.5
19
20.5
22
23.5
25
26.5
28
29.5
31
32.5
34
35.5
37
38.5
40
41.5
43
44.5
46
47.5
49
50.5
52
53.5
55
56.5
58
59.5
61
62.5
64
65.5
67
68.5
70
71.5
73
74.5
76
77.5
79
80.5
82
83.5
85
86.5
88
89.5
91
92.5
94
95.5
97
98.5
100
101.5
103
104.5
106
107.5
109
110.5
112
113.5
115
116.5
118
119.5
121
122.5
124
125.5
127
128.5
130
131.5
133
134.5
136
137.5
139
140.5
142
143.5
145
146.5
148
149.5
151
152.5
154
155.5
157
158.5
15.85
17.35
18.85
20.35
21.85
23.35
24.85
26.35
27.85
29.35
30.85
32.35
33.85
35.35
36.85
38.35
39.85
41.35
42.85
44.35
45.85
47.35
48.85
50.35
51.85
53.35
54.85
56.35
57.85
59.35
60.85
62.35
63.85
65.35
66.85
68.35
69.85
71.35
72.85
74.35
75.85
77.35
78.85
80.35
80.3562
80.3624
80.3687
80.3749
80.3811
80.3873
80.3935
80.3998
80.406
80.4122
80.4184
80.4246
80.4309
80.4371
80.4433
80.4495
80.4557
8.04557
9.54557
11.0456
12.5456
14.0456
15.5456
17.0456
18.5456
20.0456
21.5456
23.0456
24.5456
26.0456
27.5456
29.0456
2.90456
4.40456
5.90456
7.40456
8.90456
10.4046
11.9046
13.4046
14.9046
14.9381
14.9716
15.005
15.0383
15.0715
15.1047
15.1378
15.1709
15.2038
15.2367
15.2695
15.3023
15.3349
15.3675
15.4001
15.4325
15.4649
15.4973
15.5295
15.5617
15.5939
15.6259
15.6579
15.6899
15.7217
15.7535
15.7853
15.8169
15.8486
15.8801
15.9116
15.943
15.9744
16.0057
16.0369
16.0681
16.0992
16.1303
16.1613
16.1922
16.2231
16.2539
16.2847
16.3154
16.346
16.3766
16.4071
16.4376
16.468
16.4984
16.5287
16.5589
16.5891
16.6193
16.6494
16.6794
16.7094
16.7393
16.7692
16.799
16.8287
16.8585
16.8881
16.9177
16.9473
16.9768
17.0062
17.0356
17.065
17.0943
17.1235
17.1527
17.1819
17.211
17.24
17.269
17.298
17.3269
17.3557
17.3846
17.4133
17.442
17.4707
17.4993
17.5279
17.5564
17.5849
17.6133
17.6417
17.6701
17.6984
17.7266
17.7548
17.783
17.8111
17.8392
17.8672
17.8952
17.9231
17.951
17.9789
18.0067
18.0344
18.0622
18.0899
18.1175
1.81175
3.31175
4.81175
6.31175
7.81175
9.31175
9.36544
9.41883
9.47192
9.52471
9.5772
9.62941
9.68133
9.73298
9.78435
9.83545
9.88629
9.93686
9.98718
10.0372
10.0871
10.1366
10.186
10.235
10.2839
10.3325
10.3809
10.4291
10.477
10.5247
10.5722
10.6195
10.6666
10.7135
10.7602
10.8066
10.8529
10.899
10.9448
10.9905
11.036
11.0813
11.1265
11.1714
11.2161
11.2607
11.3051
11.3494
11.3934
11.4373
11.481
11.5246
11.5679
11.6112
11.6542
11.6971
11.7399
11.7825
11.8249
11.8672
11.9093
1.19093
2.69093
4.19093
5.69093
7.19093
7.26046
7.32933
7.39755
7.46514
7.53212
7.5985
7.6643
7.72954
7.79423
7.85838
7.922
7.98512
8.04773
8.10986
8.17152
8.23271
8.29344
8.35373
8.41358
8.47301
8.53202
8.59062
8.64883
8.70664
8.76406
8.82112
8.8778
8.93412
8.99008
9.0457
9.10097
9.15591
9.21052
9.26481
9.31878
9.37243
9.42578
9.47883
9.53158
9.58403
9.6362
9.68809
9.7397
9.79104
9.8421
9.89291
9.94345
9.99373
10.0438
10.0935
10.1431
10.1924
10.2414
10.2903
10.3388
10.3872
10.4353
10.4833
10.5309
10.5784
10.6257
10.6728
10.7196
10.7662
10.8127
10.8589
10.905
10.9508
10.9965
11.0419
11.0872
11.1323
11.1772
11.222
11.2665
11.3109
11.3551
11.3991
11.443
11.4867
11.5302
11.5736
11.6168
11.6598
11.7027
11.7454
11.788
11.8304
11.8727
11.9148
11.9568
11.9986
12.0403
12.0818
12.1232
12.1644
12.2055
12.2465
12.2873
12.328
12.3686
12.409
12.4493
12.4894
12.5295
12.5694
12.6092
12.6488
12.6884
12.7278
12.767
12.8062
12.8452
12.8842
12.923
12.9617
13.0002
13.0387
13.0771
13.1153
13.1534
13.1914
1.31914
2.81914
4.31914
5.81914
7.31914
7.38746
7.45514
7.52221
7.58868
7.65456
7.71988
7.78465
7.84888
7.91258
7.97578
8.03847
8.10067
8.16239
8.22365
8.28445
8.3448
8.40472
8.46421
8.52328
8.58194
8.64021
8.69807
8.75556
8.81266
8.8694
8.92577
8.98179
9.03746
9.09279
9.14777
9.20243
9.25677
9.31078
9.36448
9.41788
9.47097
9.52376
9.57626
9.62847
9.6804
9.73205
9.78343
9.83453
9.88538
9.93596
9.98628
1
2.5
4
5.5
5.59091
5.68034
5.76836
5.85504
5.94044
6.02461
6.1076
6.18947
6.27025
6.34999
6.42873
6.50651
6.58335
6.6593
6.73438
1
2.5
4
4.125
4.24621
4.36396
4.47854
4.59018
4.69911
4.80551
4.90956
5.0114
5.11118
5.209
5.30499
5.39924
5.49184
5.58289
5.67245
5.76059
5.84739
5.9329
6.01717
6.10027
6.18223
6.26311
6.34294
6.42177
6.49963
6.57656
6.65259
6.72774
6.80206
6.87557
6.94829
1
2.5
4
4.125
4.24621
4.36396
4.47854
4.59018
4.69911
4.80551
4.90956
5.0114
5.11118
5.209
5.30499
5.39924
5.49184
5.58289
5.67245
5.76059
5.84739
5.9329
6.01717
6.10027
6.18223
6.26311
6.34294
6.42177
6.49963
6.57656
6.65259
6.72774
6.80206
6.87557
6.94829
7.02025
7.09147
7.16198
7.23179
7.30093
7.36942
7.43727
7.5045
7.57112
7.63716
7.70263
7.76754
7.83191
7.89576
7.95908
8.0219
8.08423
8.14608
8.20746
8.26838
8.32885
8.38888
8.44849
8.50767
8.56644
8.62481
8.68278
8.74036
8.79757
8.8544
8.91087
8.96698
9.02274
9.07816
9.13324
9.18798
9.2424
9.2965
9.35028
9.40376
9.45693
9.5098
9.56238
9.61466
9.66667
9.71839
9.76984
9.82102
9.87193
9.92258
9.97297
10.0231
10.073
1.0073
2.5073
4.0073
5.5073
5.59809
5.6874
5.77532
5.86189
5.94719
6.03126
6.11416
6.19594
6.27664
6.3563
6.43496
6.51266
6.58944
6.66532
6.74033
6.81451
6.88788
6.96047
7.03231
7.10341
7.1738
7.2435
7.31252
7.3809
7.44864
7.51577
7.58229
1
2.5
4
4.125
4.24621
4.36396
4.47854
4.59018
4.69911
4.80551
4.90956
5.0114
5.11118
5.209
5.30499
5.39924
5.49184
5.58289
5.67245
5.76059
5.84739
5.9329
6.01717
6.10027
6.18223
6.26311
6.34294
6.42177
6.49963
6.57656
6.65259
6.72774
6.80206
6.87557
6.94829
7.02025
7.09147
7.16198
7.23179
7.30093
7.36942
7.43727
7.5045
7.57112
7.63716
7.70263
7.76754
7.83191
7.89576
7.95908
8.0219
8.08423
8.14608
8.20746
8.26838
8.32885
8.38888
8.44849
8.50767
8.56644
8.62481
8.68278
8.74036
8.79757
8.8544
8.91087
8.96698
9.02274
9.07816
9.13324
9.18798
9.2424
9.2965
9.35028
9.40376
9.45693
9.5098
9.56238
9.61466
9.66667
9.71839
9.76984
9.82102
9.87193
9.92258
9.97297
10.0231
10.073
10.1226
10.172
10.2212
10.2701
10.3188
10.3672
10.4155
10.4635
10.5113
10.5588
10.6062
10.6533
10.7003
10.747
10.7935
10.8398
10.886
10.9319
10.9776
11.0232
11.0685
11.1137
11.1587
11.2035
11.2481
11.2926
11.3369
11.381
11.4249
11.4687
11.5123
11.5557
11.599
11.6421
11.685
11.7278
11.7704
11.8129
11.8552
11.8974
11.9394
11.9813
12.0231
12.0646
12.1061
12.1474
12.1885
12.2296
12.2705
12.3112
12.3518
12.3923
12.4326
12.4729
12.5129
12.5529
12.5927
12.6324
12.672
12.7115
12.7508
12.79
12.8291
12.8681
12.9069
12.9457
1.29457
2.79457
4.29457
5.79457
7.29457
7.36311
7.43102
7.4983
7.56499
7.63108
7.6966
7.76157
7.82599
7.88988
7.95325
8.01611
8.07849
8.14038
8.2018
8.26277
8.32328
8.38335
8.44299
8.50221
8.56102
8.61943
8.67743
8.73506
8.7923
8.84916
8.90567
8.96181
9.0176
9.07305
9.12816
9.18293
9.23738
9.29151
9.34532
9.39883
9.45202
9.50492
9.55753
9.60984
9.66187
9.71362
9.7651
9.8163
9.86723
9.91791
9.96832
10.0185
10.0684
10.118
10.1675
10.2166
10.2656
10.3143
10.3628
10.411
10.459
10.5068
10.5544
10.6018
10.649
10.6959
10.7427
10.7892
10.8356
10.8817
10.9276
10.9734
11.019
11.0643
11.1095
11.1545
11.1994
11.244
11.2885
11.3328
11.3769
11.4208
11.4646
11.5082
11.5517
11.595
11.6381
11.681
11.7239
11.7665
11.809
11.8513
11.8935
11.9356
11.9775
12.0192
12.0608
12.1023
12.1436
12.1847
12.2258
12.2667
12.3074
12.3481
12.3886
12.4289
12.4691
12.5092
12.5492
12.5891
12.6288
12.6684
12.7078
12.7472
12.7864
12.8255
12.8645
12.9034
12.9421
12.9807
13.0193
13.0577
13.096
13.1341
13.1722
13.2102
13.248
13.2858
13.3234
13.3609
13.3983
13.4357
13.4729
13.51
13.547
13.5839
13.6207
13.6574
13.694
13.7305
