4
5
6
7
8
9
10
11
12
13
14
15
16
17
18
19
20
21
22
23
24
25
26
27
28
29
30
31
32
33
34
35
36
37
38
39
40
41
42
43
44
45
46
47
48
49
50
51
52
53
54
55
56
57
58
59
60
61
62
63
64
65
66
67
68
69
70
71
72
73
74
75
76
77
78
79
80
81
82
83
84
85
86
87
88
89
90
91
92
93
94
95
96
97
98
99
100
101
102
103
104
105
106
107
108
109
110
111
112
113
114
115
116
117
118
119
120
121
122
123
124
125
126
127
128
129
130
131
132
133
134
135
136
137
138
139
140
141
142
143
144
145
146
147
148
149
150
151
152
153
154
155
156
157
158
159
160
161
162
163
164
165
166
167
168
169
170
171
172
173
174
175
176
177
178
179
180
181
182
183
184
185
186
187
188
189
190
191
192
193
194
195
196
197
198
199
200
201
202
203
204
205
206
207
208
209
210
211
212
213
214
215
216
217
218
219
220
221
222
223
224
225
226
227
228
229
230
231
232
233
234
235
236
237
238
239
240
241
242
243
244
245
246
247
248
249
250
251
252
253
254
255
256
257
258
259
260
261
262
263
264
265
266
267
268
269
270
271
272
273
274
275
276
277
278
279
280
281
28.1
29.1
30.1
31.1
32.1
33.1
34.1
35.1
36.1
37.1
38.1
39.1
40.1
41.1
42.1
43.1
44.1
45.1
46.1
47.1
48.1
49.1
50.1
51.1
52.1
53.1
54.1
55.1
56.1
57.1
58.1
59.1
60.1
61.1
62.1
63.1
64.1
65.1
66.1
67.1
68.1
69.1
70.1
71.1
72.1
73.1
74.1
75.1
76.1
77.1
78.1
79.1
80.1
81.1
82.1
83.1
84.1
85.1
86.1
87.1
88.1
89.1
90.1
91.1
92.1
93.1
94.1
95.1
96.1
9.61
10.61
11.61
12.61
13.61
14.61
15.61
16.61
17.61
18.61
19.61
20.61
21.61
22.61
23.61
24.61
2.461
3.461
4.461
5.461
6.461
7.461
8.461
9.461
10.461
11.461
12.461
12.5011
12.5411
12.581
12.6207
12.6604
12.6998
12.7392
12.7785
12.8176
12.8566
12.8955
12.9343
12.9729
13.0115
13.0499
13.0882
13.1264
13.1645
13.2025
13.2404
13.2781
13.3158
13.3533
13.3908
1.33908
2.33908
3.33908
4.33908
5.33908
6.33908
7.33908
7.4072
7.47471
7.5416
7.6079
7.67362
7.73878
7.80339
7.86746
7.93101
7.99406
8.0566
8.11867
8.18025
8.24137
8.30204
8.36227
8.42206
8.48143
8.54038
8.59893
8.65708
8.71483
8.7722
8.8292
8.88583
8.9421
8.99802
9.05359
9.10881
9.1637
9.21827
9.27251
9.32643
9.38004
9.43335
9.48635
9.53906
9.59147
9.6436
9.69545
9.74702
9.79832
9.84935
9.90011
9.95062
10.0009
10.0509
10.1006
10.1501
10.1994
10.2484
10.2972
10.3457
10.3941
10.4422
10.4901
10.5377
10.5852
10.6324
1.06324
2.06324
3.06324
4.06324
5.06324
6.06324
6.1457
6.22706
6.30736
6.38663
6.46492
6.54226
6.61868
6.69423
6.76892
6.84279
6.91586
6.98815
7.0597
7.13053
7.20065
7.27009
7.33886
7.40699
7.4745
7.54139
7.60769
7.67341
7.73857
7.80319
7.86726
7.93082
7.99386
8.05641
8.11847
8.18006
8.24118
8.30186
8.36208
8.42188
8.48125
8.5402
8.59875
8.65689
8.71465
8.77203
8.82903
8.88566
8.94193
8.99784
9.05341
9.10864
9.16353
9.2181
9.27234
9.32626
9.37987
9.43318
9.48618
9.53889
9.59131
9.64344
9.69529
9.74686
9.79816
9.84919
9.89995
9.95046
10.0007
10.0507
10.1005
10.15
10.1992
10.2482
10.297
10.3456
10.3939
10.442
10.4899
10.5376
10.585
10.6323
10.6793
10.7261
10.7727
10.8191
10.8653
10.9114
10.9572
11.0028
11.0483
11.0935
11.1386
11.1835
11.2282
11.2727
11.3171
11.3613
11.4053
11.4491
11.4928
11.5363
11.5796
11.6228
11.6658
11.7087
11.7514
11.7939
11.8363
11.8786
11.9207
11.9626
12.0044
12.0461
12.0876
12.1289
12.1701
12.2112
12.2522
12.293
12.3337
12.3742
12.4146
12.4549
12.495
12.535
12.5749
12.6147
12.6543
12.6938
12.7332
12.7725
12.8116
12.8507
12.8896
12.9284
12.967
13.0056
13.0441
13.0824
13.1206
13.1587
13.1967
13.2346
13.2724
13.31
13.3476
13.3851
13.4224
13.4597
13.4968
13.5339
13.5708
13.6077
13.6444
13.6811
13.7176
13.754
13.7904
13.8267
13.8628
13.8989
13.9349
13.9707
14.0065
14.0422
14.0778
14.1134
14.1488
14.1841
14.2194
14.2545
14.2896
14.3246
14.3595
14.3943
14.4291
14.4637
14.4983
14.5328
14.5672
14.6015
14.6357
14.6699
14.704
14.738
14.7719
14.8058
14.8395
14.8732
14.9068
14.9404
14.9739
15.0072
15.0406
15.0738
15.107
15.1401
15.1731
15.2061
15.2389
15.2717
15.3045
15.3372
15.3698
15.4023
15.4348
15.4671
15.4995
15.5317
15.5639
15.596
15.6281
15.6601
15.692
15.7239
15.7557
15.7874
15.8191
15.8507
15.8822
15.9137
15.9451
15.9765
16.0078
16.039
16.0702
16.1013
16.1324
16.1634
1.61634
2.61634
3.61634
4.61634
5.61634
6.61634
7.61634
8.61634
8.67437
8.73201
8.78927
8.84616
8.90268
8.95884
9.01465
9.07012
9.12524
9.18004
9.2345
9.28865
9.34248
9.39599
9.44921
9.50212
9.55474
9.60707
9.65912
9.71088
1
2
3
4
5
5.1
5.19804
5.29423
5.38867
5.48146
5.57268
5.6624
5.7507
5.83765
5.9233
6.00771
6.09094
6.17303
6.25402
6.33397
6.41291
6.49088
6.56791
6.64404
6.71929
6.79371
6.8673
6.94011
7.01216
7.08346
7.15405
7.22394
7.29315
7.36171
7.42963
7.49693
7.56362
7.62973
7.69526
7.76024
7.82467
7.88857
7.95195
8.01483
8.07721
8.13912
8.20055
8.26152
8.32204
8.38212
8.44177
8.501
8.55982
8.61823
8.67625
8.73388
8.79112
8.848
8.90451
8.96066
9.01646
9.07191
9.12703
9.18181
9.23627
9.2904
9.34422
9.39773
9.45093
9.50384
9.55645
9.60877
9.66081
9.71256
9.76404
9.81525
9.86619
9.91687
9.96729
10.0175
10.0674
10.117
10.1665
10.2156
10.2646
10.3133
10.3618
10.41
10.4581
10.5059
10.5535
10.6008
10.648
10.695
10.7417
10.7883
10.8346
10.8808
10.9267
10.9725
11.018
11.0634
11.1086
11.1536
11.1984
11.2431
11.2876
11.3319
11.376
11.4199
11.4637
11.5073
11.5508
11.5941
11.6372
11.6802
11.723
11.7656
11.8081
11.8505
11.8927
11.9347
11.9766
12.0183
12.0599
12.1014
12.1427
12.1839
12.2249
12.2658
12.3066
12.3472
12.3877
12.4281
12.4683
12.5084
12.5484
12.5882
12.628
12.6676
12.707
12.7464
12.7856
12.8247
12.8637
12.9026
12.9413
12.98
13.0185
13.0569
13.0952
13.1334
13.1714
13.2094
13.2472
13.285
13.3226
13.3601
13.3976
13.4349
13.4721
13.5092
13.5462
13.5831
13.62
13.6567
13.6933
13.7298
13.7662
13.8025
13.8388
13.8749
13.9109
13.9469
13.9827
14.0185
14.0541
14.0897
14.1252
14.1606
14.1959
14.2311
14.2663
14.3013
14.3363
14.3712
14.4059
14.4407
14.4753
14.5098
14.5443
14.5787
14.613
14.6472
14.6813
14.7154
14.7493
14.7832
14.8171
14.8508
14.8845
14.9181
14.9516
14.985
15.0184
15.0517
15.0849
15.1181
15.1511
15.1841
15.2171
15.2499
15.2827
15.3154
15.3481
15.3806
15.4131
15.4456
15.478
15.5103
15.5425
15.5747
15.6068
15.6388
15.6708
15.7027
15.7345
15.7663
15.798
15.8297
15.8613
15.8928
15.9242
15.9556
15.987
16.0183
16.0495
16.0806
16.1117
16.1427
16.1737
16.2046
16.2355
16.2663
16.297
16.3277
16.3583
16.3889
16.4194
16.4499
16.4803
16.5106
16.5409
16.5711
16.6013
16.6314
16.6615
16.6915
16.7214
16.7513
16.7812
1.67812
2.67812
3.67812
4.67812
5.67812
6.67812
7.67812
8.67812
8.73573
8.79297
8.84983
8.90633
8.96247
9.01826
9.0737
9.12881
9.18358
9.23802
