4
5.5
7
8.5
10
11.5
13
14.5
16
17.5
19
20.5
22
23.5
25
26.5
28
29.5
31
32.5
34
35.5
37
38.5
40
41.5
43
44.5
46
47.5
49
50.5
52
53.5
55
56.5
58
59.5
61
62.5
64
65.5
67
68.5
70
71.5
73
74.5
76
77.5
79
80.5
82
83.5
85
86.5
88
89.5
91
92.5
94
95.5
97
98.5
100
101.5
103
104.5
106
107.5
109
110.5
112
113.5
115
116.5
118
119.5
121
122.5
124
125.5
127
128.5
130
131.5
133
134.5
136
137.5
139
140.5
142
143.5
145
146.5
148
149.5
151
152.5
154
155.5
157
158.5
47.55
49.05
50.55
52.05
53.55
55.05
56.55
58.05
59.55
61.05
62.55
64.05
65.55
67.05
68.55
70.05
71.55
73.05
74.55
76.05
77.55
79.05
80.55
80.5562
80.5624
80.5686
80.5748
80.581
80.5872
80.5934
80.5996
80.6058
80.6121
80.6183
80.6245
80.6307
80.6369
80.6431
80.6493
80.6555
80.6617
80.6679
80.6741
80.6803
80.6865
80.6926
80.6988
80.705
80.7112
80.7174
80.7236
80.7298
80.736
80.7422
80.7484
80.7546
80.7608
80.767
80.7732
80.7794
80.7855
24.2357
25.7357
27.2357
28.7357
30.2357
31.7357
33.2357
34.7357
36.2357
37.7357
39.2357
40.7357
40.7479
40.7602
40.7725
12.2317
13.7317
15.2317
16.7317
18.2317
19.7317
21.2317
21.2553
21.2788
21.3023
21.3258
21.3492
21.3727
21.396
21.4194
21.4428
21.4661
21.4894
21.5126
21.5359
21.5591
21.5823
21.6055
21.6286
21.6517
21.6748
21.6979
21.7209
21.7439
21.7669
21.7899
21.8128
21.8358
21.8587
21.8815
21.9044
21.9272
21.95
21.9728
21.9956
22.0183
22.041
22.0637
22.0863
22.109
22.1316
22.1542
22.1768
22.1993
22.2218
22.2443
22.2668
22.2893
22.3117
22.3341
22.3565
22.3789
22.4012
22.4235
22.4458
22.4681
22.4903
22.5126
22.5348
22.557
22.5791
22.6013
22.6234
22.6455
22.6676
22.6896
22.7117
22.7337
22.7557
22.7777
22.7996
22.8215
22.8435
22.8653
22.8872
22.9091
22.9309
22.9527
22.9745
22.9962
23.018
23.0397
23.0614
23.0831
23.1047
23.1264
23.148
23.1696
23.1912
23.2127
23.2343
23.2558
23.2773
23.2988
23.3202
23.3417
23.3631
23.3845
23.4059
23.4273
23.4486
23.4699
23.4912
23.5125
23.5338
23.555
23.5762
23.5975
23.6186
23.6398
7.09194
8.59194
10.0919
11.5919
13.0919
13.1301
13.1682
13.2062
13.244
13.2818
13.3194
13.357
13.3944
13.4317
13.469
13.5061
13.5431
13.58
13.6169
13.6536
13.6902
13.7267
13.7631
13.7995
13.8357
13.8718
13.9079
13.9438
13.9797
14.0155
14.0511
14.0867
14.1222
14.1576
14.1929
14.2282
14.2633
14.2984
14.3333
14.3682
14.403
14.4377
14.4724
14.5069
14.5414
14.5758
14.6101
14.6443
14.6784
14.7125
14.7465
14.7804
14.8142
14.848
14.8816
14.9152
14.9488
14.9822
15.0156
15.0489
15.0821
4.52463
6.02463
7.52463
9.02463
9.08003
9.1351
9.18983
9.24424
9.29833
9.3521
9.40557
9.45873
9.51159
9.56416
9.61643
9.66843
9.72014
9.77158
9.82275
9.87365
9.92429
9.97468
10.0248
10.0747
10.1243
10.1737
10.2228
10.2718
10.3204
10.3689
10.4171
10.4651
10.5129
10.5604
10.6078
10.6549
10.7018
10.7486
10.7951
10.8414
10.8875
10.9334
10.9792
11.0247
11.0701
11.1152
11.1602
11.205
11.2496
11.2941
11.3384
11.3825
11.4264
11.4701
11.5137
11.5572
11.6004
11.6435
11.6865
11.7293
11.7719
11.8144
11.8567
11.8988
11.9409
11.9827
12.0245
12.066
12.1075
12.1488
12.1899
12.231
12.2718
12.3126
12.3532
12.3937
12.434
12.4742
12.5143
12.5543
12.5941
12.6338
12.6734
12.7128
12.7521
12.7914
12.8304
12.8694
12.9083
12.947
12.9856
13.0241
13.0625
13.1008
13.139
13.177
13.215
13.2528
13.2905
13.3281
13.3657
13.4031
13.4404
13.4776
13.5147
13.5517
13.5886
13.6254
13.6621
13.6987
13.7352
13.7716
13.8079
13.8441
13.8802
13.9162
13.9521
13.988
14.0237
14.0594
14.0949
14.1304
14.1658
14.2011
14.2363
14.2714
14.3065
4.29194
5.79194
7.29194
7.36051
7.42844
7.49575
7.56245
7.62857
7.69411
7.75909
7.82353
7.88744
7.95084
8.01372
8.07612
8.13803
8.19947
8.26045
8.32098
8.38107
8.44072
8.49996
8.55878
8.6172
8.67523
8.73286
8.79012
8.847
8.90352
8.95967
9.01548
9.07094
9.12606
9.18085
9.23531
9.28945
9.34327
9.39679
9.45
9.50291
9.55552
9.60785
9.65989
9.71165
9.76314
9.81435
9.86529
9.91598
9.9664
10.0166
10.0665
3.01995
4.51995
6.01995
6.103
6.18493
6.26577
6.34557
6.42437
6.50219
6.57909
6.65509
6.73022
6.80451
6.87799
6.95069
7.02262
7.09382
7.16431
7.2341
2.17023
3.67023
3.80646
3.93782
4.06479
4.1878
4.30719
4.42328
4.53632
4.64654
4.75414
4.85932
4.96221
5.06297
5.16173
5.25859
5.35368
5.44707
5.53886
5.62913
5.71796
5.8054
5.89153
5.9764
6.06006
6.14257
6.22397
6.3043
6.38361
6.46194
6.53931
6.61577
6.69135
6.76607
6.83997
2.05199
3.55199
3.69276
3.82816
3.95877
4.08507
4.20747
4.3263
4.44188
4.55444
4.66422
4.77142
4.87621
4.97875
5.07918
5.17762
5.27419
5.36899
5.46212
5.55366
5.64369
5.73228
5.81951
5.90543
5.99009
6.07357
6.15589
6.23711
6.31728
6.39643
6.47459
6.55182
6.62813
6.70357
6.77816
6.85192
6.9249
6.9971
7.06856
7.13929
7.20933
7.27868
7.34738
7.41543
7.48285
7.54967
7.6159
7.68155
7.74665
7.81119
7.8752
7.93869
8.00167
8.06416
8.12616
8.18769
8.24876
8.30937
8.36955
8.42929
8.48861
8.54751
8.606
8.6641
8.72181
8.77914
8.83609
8.89268
8.94891
9.00478
9.0603
9.11549
9.17034
9.22487
9.27907
9.33295
9.38653
9.43979
9.49276
9.54543
9.59781
9.64991
9.70172
9.75326
9.80452
9.85552
9.90625
9.95673
2.98702
4.48702
5.98702
6.07053
6.1529
6.23416
6.31436
6.39355
6.47175
6.54901
6.62536
6.70083
6.77544
6.84924
6.92224
6.99447
7.06596
7.13672
7.20678
7.27616
7.34487
7.41295
7.4804
7.54724
7.61349
7.67916
7.74427
7.80884
7.87287
7.93638
7.99938
2.39981
3.89981
5.39981
5.49241
5.58344
5.67299
5.76113
5.84792
5.93342
6.01769
6.10078
6.18273
6.2636
6.34343
6.42225
6.50011
6.57703
6.65305
6.7282
6.80252
6.87602
6.94874
7.02069
7.09191
7.16241
7.23222
7.30136
7.36984
7.43768
7.50491
7.57153
7.63757
7.70303
7.76794
7.83231
7.89615
7.95947
8.02229
8.08461
8.14646
8.20784
8.26875
8.32922
8.38925
8.44885
8.50803
8.5668
8.62516
8.68313
8.74072
8.79792
8.85475
8.91122
8.96733
9.02309
9.0785
9.13357
9.18832
9.24273
9.29683
9.35061
9.40409
9.45725
9.51012
9.5627
9.61499
9.66699
9.71871
9.77016
9.82133
9.87224
9.92289
9.97328
10.0234
10.0733
10.1229
10.1723
10.2215
10.2704
10.3191
10.3675
10.4158
10.4638
10.5115
10.5591
10.6065
10.6536
10.7005
10.7473
10.7938
10.8401
10.8862
10.9322
10.9779
11.0235
11.0688
11.114
11.159
11.2038
11.2484
11.2929
11.3371
11.3812
11.4252
11.4689
11.5125
11.556
11.5992
11.6423
11.6853
11.7281
11.7707
11.8132
11.8555
11.8977
11.9397
11.9816
12.0233
12.0649
12.1063
12.1476
12.1888
12.2298
12.2707
12.3115
12.3521
12.3925
12.4329
12.4731
12.5132
12.5531
12.593
12.6327
12.6723
12.7117
12.7511
12.7903
12.8294
12.8683
12.9072
12.9459
12.9845
13.0231
13.0614
13.0997
13.1379
13.176
13.2139
13.2517
13.2895
13.3271
13.3646
13.402
13.4393
4.0318
5.5318
7.0318
7.10291
7.1733
7.243
7.31203
7.38042
7.44816
7.51529
7.58182
7.64777
7.71315
7.77797
7.84226
7.90601
7.96926
8.032
8.09425
8.15602
8.21733
8.27817
8.33857
8.39854
8.45807
8.51719
8.57589
8.63419
8.6921
8.74963
8.80677
8.86355
8.91996
8.97601
9.03171
9.08707
9.1421
9.19679
9.25116
9.3052
9.35894
9.41236
9.46548
9.51831
9.57084
9.62308
9.67504
9.72672
9.77812
9.82926
9.88013
9.93073
9.98108
10.0312
10.081
10.1306
10.18
10.2291
10.278
10.3266
10.375
10.4232
10.4712
10.5189
10.5665
10.6138
10.6609
10.7078
10.7545
10.801
10.8473
10.8934
10.9393
10.985
11.0305
11.0758
11.121
11.1659
11.2107
11.2553
11.2997
11.344
11.3881
11.432
11.4757
11.5193
11.5627
11.6059
11.649
11.6919
11.7347
11.7773
11.8198
11.8621
11.9042
11.9462
11.9881
12.0298
12.0713
12.1128
12.154
12.1952
12.2362
12.277
12.3178
12.3584
12.3988
12.4391
12.4793
12.5194
12.5593
12.5992
12.6388
12.6784
12.7178
12.7572
12.7963
12.8354
12.8744
12.9132
12.9519
12.9905
13.029
13.0674
13.1057
13.1438
13.1819
13.2198
13.2576
13.2953
13.3329
13.3704
13.4078
13.4451
13.4823
13.5194
13.5564
13.5933
13.63
13.6667
