4
5
6
7
8
9
10
11
12
13
14
15
16
17
18
19
20
21
22
23
24
25
26
27
28
29
30
31
32
33
34
35
36
37
38
39
40
41
42
43
44
45
46
47
48
49
50
51
52
53
54
55
56
57
58
59
60
61
62
63
64
65
66
67
68
69
70
71
72
73
74
75
76
77
78
79
80
81
82
83
84
85
86
87
88
89
90
91
92
93
94
95
96
97
98
99
100
101
102
103
104
105
106
107
108
109
110
111
112
113
114
115
116
117
118
119
120
121
122
123
124
125
126
127
128
129
130
131
132
133
134
135
136
137
138
139
140
141
142
143
144
145
146
147
148
149
150
151
152
153
154
155
156
157
158
159
160
161
162
163
164
165
166
167
168
169
170
171
172
173
174
175
176
177
178
179
180
181
182
183
184
185
186
187
188
189
190
191
192
193
194
195
196
197
198
199
200
201
202
203
204
205
206
207
208
209
210
211
212
213
214
215
216
217
218
219
220
221
222
223
224
225
226
227
228
229
230
231
232
233
234
235
236
237
238
239
240
241
242
243
244
245
246
247
248
249
250
251
252
253
254
255
256
257
258
259
260
261
262
263
264
265
266
267
268
269
270
271
272
273
274
275
276
277
278
279
280
281
84.3
85.3
86.3
87.3
88.3
89.3
90.3
91.3
92.3
93.3
94.3
95.3
96.3
97.3
98.3
99.3
100.3
101.3
102.3
103.3
104.3
105.3
106.3
107.3
108.3
109.3
110.3
111.3
112.3
113.3
114.3
115.3
116.3
117.3
118.3
119.3
120.3
121.3
122.3
123.3
124.3
125.3
126.3
127.3
128.3
129.3
130.3
131.3
132.3
133.3
134.3
135.3
136.3
137.3
138.3
139.3
140.3
141.3
141.304
141.307
141.311
141.314
141.318
141.321
141.325
141.328
141.332
141.335
141.339
42.4017
43.4017
44.4017
45.4017
46.4017
47.4017
48.4017
49.4017
50.4017
51.4017
52.4017
53.4017
54.4017
55.4017
56.4017
57.4017
17.2205
18.2205
19.2205
20.2205
21.2205
22.2205
23.2205
24.2205
25.2205
26.2205
27.2205
28.2205
29.2205
29.2376
29.2547
29.2718
29.2889
29.306
29.323
29.3401
29.3571
29.3741
29.3912
29.4082
29.4252
29.4422
29.4592
29.4761
29.4931
29.51
29.527
29.5439
29.5608
29.5778
29.5947
8.8784
9.8784
10.8784
11.8784
12.8784
13.8784
14.8784
14.912
14.9455
14.979
15.0124
15.0457
15.0789
15.1121
15.1452
15.1782
15.2111
15.244
15.2768
15.3095
15.3422
15.3748
15.4073
15.4397
15.4721
15.5044
15.5367
15.5689
15.601
15.633
15.665
15.6969
15.7288
15.7606
15.7923
15.824
15.8556
15.8871
15.9186
15.95
15.9813
16.0126
16.0438
16.075
16.1061
16.1371
16.1681
16.1991
16.2299
16.2607
16.2915
16.3222
16.3528
16.3834
16.4139
16.4444
16.4748
16.5051
16.5354
16.5656
16.5958
16.626
16.656
16.686
16.716
16.7459
5.02378
6.02378
7.02378
8.02378
9.02378
9.07919
9.13426
9.189
9.24341
9.2975
9.35128
9.40475
9.45791
9.51078
9.56335
9.61563
9.66763
9.71935
9.77079
9.82197
9.87287
9.92352
9.9739
10.024
10.0739
10.1235
10.1729
10.2221
10.271
10.3197
10.3681
10.4164
10.4644
10.5121
10.5597
10.6071
10.6542
10.7011
10.7478
10.7944
10.8407
10.8868
10.9327
10.9785
11.024
11.0694
11.1145
11.1595
11.2043
11.249
11.2934
11.3377
11.3818
11.4257
11.4695
11.5131
11.5565
11.5998
11.6429
11.6858
11.7286
11.7712
11.8137
11.856
11.8982
11.9402
11.9821
12.0238
12.0654
12.1069
12.1482
12.1893
12.2303
12.2712
12.312
12.3526
12.393
12.4334
12.4736
12.5137
12.5536
12.5935
12.6332
12.6728
12.7122
12.7515
12.7908
12.8298
12.8688
12.9077
12.9464
12.985
13.0235
13.0619
13.1002
13.1384
13.1764
13.2144
13.2522
13.2899
13.3276
13.3651
13.4025
13.4398
13.477
13.5141
13.5511
13.588
13.6248
13.6615
13.6981
13.7346
13.771
13.8073
13.8435
13.8796
13.9157
13.9516
13.9874
14.0232
14.0588
14.0944
14.1299
14.1653
14.2006
14.2358
14.2709
14.3059
14.3409
14.3757
14.4105
14.4452
14.4798
14.5144
14.5488
14.5832
14.6175
14.6517
14.6858
14.7198
14.7538
14.7877
14.8215
14.8552
14.8889
14.9225
14.956
14.9894
15.0228
15.0561
15.0893
15.1224
15.1555
15.1885
15.2214
15.2542
15.287
15.3197
15.3524
15.3849
15.4174
15.4499
15.4822
15.5145
15.5467
15.5789
15.611
15.643
15.675
15.7069
15.7387
15.7705
15.8022
15.8338
15.8654
15.8969
15.9284
15.9598
15.9911
16.0224
16.0536
16.0847
16.1158
16.1468
16.1778
16.2087
16.2395
16.2703
16.3011
16.3317
16.3624
16.3929
16.4234
16.4539
16.4842
16.5146
16.5449
16.5751
16.6052
16.6354
16.6654
16.6954
16.7254
16.7553
16.7851
16.8149
16.8446
16.8743
16.9039
16.9335
16.963
16.9925
17.0219
17.0513
17.0806
17.1099
17.1391
17.1683
17.1974
17.2265
17.2555
17.2845
17.3134
17.3423
17.3711
17.3999
17.4287
17.4573
17.486
17.5146
5.25438
6.25438
7.25438
8.25438
9.25438
9.3084
9.36212
9.41553
9.46863
9.52144
9.57395
9.62617
9.67812
9.72978
9.78117
9.83229
9.88314
9.93373
9.98406
10.0341
10.084
10.1336
10.1829
10.232
10.2809
10.3295
10.3779
10.4261
3.12783
4.12783
5.12783
6.12783
6.20942
6.28994
6.36944
6.44793
6.52548
6.6021
6.67784
6.75271
6.82675
6.9
6.97246
7.04417
7.11515
7.18542
7.25501
7.32393
7.3922
7.45983
7.52686
7.59329
7.65914
7.72442
7.78915
7.85334
7.91701
7.98016
8.04282
8.10498
8.16668
8.2279
8.28867
8.34899
8.40888
8.46834
8.52738
8.58602
8.64425
8.70209
8.75955
8.81663
8.87334
8.92969
8.98569
9.04133
9.09663
9.1516
9.20623
9.26054
9.31453
9.36821
9.42159
9.47466
9.52743
9.57991
9.6321
9.68401
9.73564
9.787
9.83809
9.88891
9.93947
9.98978
10.0398
10.0896
10.1392
10.1885
10.2376
10.2864
10.335
10.3834
10.4316
10.4795
10.5272
10.5747
10.622
10.669
10.7159
10.7626
10.809
10.8553
10.9013
10.9472
10.9929
11.0384
11.0837
11.1288
11.1737
11.2185
11.263
11.3074
11.3516
11.3957
11.4396
11.4833
11.5268
11.5702
11.6134
11.6565
11.6994
11.7421
11.7847
11.8271
11.8694
11.9115
11.9535
11.9953
12.037
12.0785
12.1199
12.1612
12.2023
12.2433
12.2841
12.3248
12.3654
12.4058
12.4461
12.4863
12.5263
12.5662
12.606
12.6457
12.6852
12.7247
12.764
12.8031
12.8422
12.8811
12.9199
12.9586
12.9972
13.0357
13.074
13.1123
13.1504
13.1884
13.2263
13.2641
13.3018
13.3394
13.3769
13.4143
13.4516
13.4887
13.5258
13.5628
13.5996
13.6364
13.6731
13.7096
13.7461
13.7825
13.8188
13.8549
13.891
13.927
13.9629
13.9987
14.0345
14.0701
14.1056
14.1411
14.1764
14.2117
14.2469
14.282
14.317
14.3519
14.3867
14.4215
14.4562
14.4908
14.5253
14.5597
14.594
14.6283
14.6625
14.6966
14.7306
14.7645
14.7984
14.8322
14.8659
14.8995
14.9331
14.9666
15
15.0333
15.0666
15.0998
15.1329
15.1659
15.1989
15.2318
15.2646
15.2974
15.33
15.3627
15.3952
15.4277
15.4601
15.4924
15.5247
15.5569
15.5891
15.6211
15.6531
15.6851
15.717
15.7488
15.7805
15.8122
15.8438
15.8754
15.9069
15.9383
15.9697
16.001
16.0322
16.0634
16.0945
16.1256
16.1566
16.1876
16.2185
16.2493
16.2801
16.3108
16.3414
16.372
16.4026
16.433
16.4635
16.4938
16.5242
16.5544
16.5846
16.6148
16.6449
16.6749
16.7049
16.7348
16.7647
16.7945
16.8243
16.854
16.8837
16.9133
16.9429
16.9724
17.0018
17.0312
17.0606
17.0899
17.1192
17.1484
17.1775
5.15326
6.15326
7.15326
8.15326
9.15326
9.20788
9.26218
9.31616
9.36983
9.4232
9.47626
9.52902
9.58149
9.63368
9.68558
9.7372
9.78855
9.83963
