4
5.5
7
8.5
10
11.5
13
14.5
16
17.5
19
20.5
22
23.5
25
26.5
28
29.5
31
32.5
34
35.5
37
38.5
40
41.5
43
44.5
46
47.5
49
50.5
52
53.5
55
56.5
58
59.5
61
62.5
64
65.5
67
68.5
70
71.5
73
74.5
76
77.5
79
80.5
82
83.5
85
86.5
88
89.5
91
92.5
94
95.5
97
98.5
100
101.5
103
104.5
106
107.5
109
110.5
112
113.5
115
116.5
118
119.5
121
122.5
124
125.5
127
128.5
130
131.5
133
134.5
136
137.5
139
140.5
142
143.5
145
146.5
148
149.5
151
152.5
154
155.5
157
158.5
15.85
17.35
18.85
20.35
21.85
23.35
24.85
26.35
27.85
29.35
30.85
32.35
33.85
35.35
36.85
38.35
39.85
41.35
42.85
44.35
45.85
47.35
48.85
50.35
51.85
53.35
54.85
56.35
57.85
59.35
60.85
62.35
63.85
65.35
66.85
68.35
69.85
71.35
72.85
74.35
75.85
77.35
78.85
80.35
80.3624
80.3749
80.3873
80.3998
80.4122
80.4246
80.4371
80.4495
80.4619
80.4744
80.4868
80.4992
80.5116
80.5241
80.5365
80.5489
80.5613
8.05613
9.55613
11.0561
12.5561
14.0561
15.5561
17.0561
18.5561
20.0561
21.5561
23.0561
24.5561
26.0561
27.5561
29.0561
2.90561
4.40561
5.90561
7.40561
8.90561
10.4056
11.9056
13.4056
14.9056
14.9727
15.0395
15.106
15.1722
15.2381
15.3037
15.3691
15.4341
15.4989
15.5634
15.6277
15.6917
15.7554
15.8189
15.8821
15.9451
16.0078
16.0702
16.1325
16.1945
16.2562
16.3177
16.379
16.4401
16.5009
16.5615
16.6219
16.682
16.742
16.8017
16.8612
16.9205
16.9796
17.0385
17.0972
17.1557
17.214
17.2721
17.33
17.3877
17.4452
17.5025
17.5597
17.6166
17.6734
17.73
17.7864
17.8426
17.8986
17.9545
18.0102
18.0657
18.1211
18.1762
18.2313
18.2861
18.3408
18.3953
18.4497
18.5039
18.5579
18.6118
18.6655
18.7191
18.7725
18.8258
18.8789
18.9319
18.9847
19.0374
19.0899
19.1423
19.1945
19.2466
19.2986
19.3504
19.4021
19.4536
19.505
19.5563
19.6074
19.6584
19.7093
19.7601
19.8107
19.8611
19.9115
19.9617
20.0118
20.0618
20.1116
20.1613
20.2109
20.2604
20.3098
20.359
20.4081
20.4571
20.506
20.5548
20.6034
20.652
20.7004
20.7487
20.7969
20.845
2.0845
3.5845
5.0845
6.5845
8.0845
9.5845
11.0845
11.1747
11.2642
11.353
11.4411
11.5285
11.6152
11.7013
11.7868
11.8716
11.9558
12.0395
12.1225
12.205
12.287
12.3684
12.4492
12.5295
12.6093
12.6886
12.7675
12.8458
12.9236
13.001
13.0779
13.1544
13.2304
13.306
13.3811
13.4559
13.5302
13.6041
13.6776
13.7507
13.8234
13.8958
13.9678
14.0393
14.1106
14.1814
14.252
14.3221
14.3919
14.4614
14.5306
14.5994
14.6679
14.7361
14.8039
14.8715
14.9387
15.0057
15.0723
15.1387
15.2047
1.52047
3.02047
4.52047
6.02047
7.52047
9.02047
9.13133
9.24084
9.34906
9.45602
9.56177
9.66636
9.76981
9.87216
9.97346
10.0737
10.173
10.2713
10.3687
10.4651
10.5607
10.6553
10.7492
10.8422
10.9345
11.0259
11.1166
11.2066
11.2958
11.3843
11.4722
11.5593
11.6458
11.7317
11.8169
11.9016
11.9856
12.069
12.1519
12.2342
12.3159
12.3971
12.4778
12.5579
12.6375
12.7167
12.7953
12.8735
12.9511
13.0284
13.1051
13.1814
13.2573
13.3327
13.4077
13.4823
13.5565
13.6302
13.7036
13.7766
13.8492
13.9214
13.9932
14.0647
14.1358
14.2065
14.2769
14.3469
14.4166
14.486
14.555
14.6237
14.6921
14.7602
14.8279
14.8954
14.9625
15.0294
15.0959
15.1621
15.2281
15.2938
15.3591
15.4242
15.4891
15.5536
15.6179
15.682
15.7457
15.8092
15.8725
15.9355
15.9982
16.0608
16.123
16.185
16.2468
16.3084
16.3697
16.4308
16.4916
16.5523
16.6127
16.6729
16.7329
16.7926
16.8522
16.9115
16.9707
17.0296
17.0883
17.1468
17.2051
17.2633
17.3212
17.3789
17.4365
17.4938
17.551
17.608
17.6647
17.7214
17.7778
17.834
17.8901
17.946
18.0017
1.80017
3.30017
4.80017
6.30017
7.80017
9.30017
9.4077
9.51399
9.6191
9.72306
9.82591
9.92768
10.0284
10.1281
10.2269
10.3246
10.4215
10.5175
10.6125
10.7068
10.8002
10.8928
10.9846
11.0756
11.1659
11.2554
11.3443
11.4324
11.5199
11.6067
11.6929
11.7784
11.8633
11.9476
12.0313
12.1144
12.1969
12.2789
12.3604
12.4413
12.5217
12.6015
12.6809
12.7597
12.8381
12.916
12.9934
13.0704
13.1469
13.223
13.2986
1.32986
2.82986
4.32986
5.82986
7.32986
7.46629
7.60022
7.7318
7.86113
7.98834
8.11352
8.23677
8.35818
8.47782
8.59578
8.71212
8.8269
8.94019
9.05204
1
2.5
4
5.5
5.68182
5.85782
6.02853
6.19441
6.35584
6.51318
6.66671
6.81671
6.96341
7.10702
7.24773
7.3857
7.5211
7.65406
7.78471
7.91316
8.03953
8.16392
8.28641
8.40709
8.52604
8.64332
8.75902
8.87319
8.98589
9.09717
9.2071
9.31571
9.42305
9.52918
9.63412
1
2.5
4
5.5
5.68182
5.85782
6.02853
6.19441
6.35584
6.51318
6.66671
6.81671
6.96341
7.10702
7.24773
7.3857
7.5211
7.65406
7.78471
7.91316
8.03953
8.16392
8.28641
8.40709
8.52604
8.64332
8.75902
8.87319
8.98589
9.09717
9.2071
9.31571
9.42305
9.52918
9.63412
9.73792
9.84061
9.94223
10.0428
10.1424
10.241
10.3386
10.4353
10.5312
10.6261
10.7202
10.8135
10.906
10.9977
11.0886
11.1788
11.2683
11.357
11.4451
11.5324
11.6191
11.7052
11.7906
11.8755
11.9597
12.0433
12.1263
12.2088
12.2907
12.372
12.4529
12.5332
12.613
12.6922
12.771
12.8493
12.9272
13.0045
13.0814
13.1579
13.2339
13.3094
13.3846
13.4593
13.5336
13.6075
13.6809
13.754
13.8267
13.8991
13.971
14.0426
14.1138
1.41138
2.91138
4.41138
5.91138
7.41138
7.54631
7.67882
7.80905
7.93711
8.0631
8.18712
8.30926
8.42961
8.54824
8.66522
8.78063
8.89451
9.00694
9.11797
9.22764
9.33601
9.44312
9.54902
9.65374
9.75733
9.85982
9.96124
10.0616
10.161
10.2594
10.3569
1.03569
2.53569
4.03569
5.53569
5.71634
5.89127
6.06102
6.226
6.38662
6.5432
6.69603
6.84537
6.99146
7.13449
7.27465
7.41212
7.54703
7.67953
7.80975
7.93779
8.06377
8.18778
8.30992
8.43026
8.54888
8.66585
8.78125
8.89513
9.00755
9.11856
9.22823
9.33659
9.4437
9.54959
9.65431
9.75789
9.86037
9.96178
10.0622
10.1616
10.26
10.3574
10.454
10.5496
10.6444
10.7384
10.8315
10.9238
11.0154
11.1061
11.1962
11.2855
11.3741
11.462
11.5493
11.6359
11.7218
11.8071
11.8918
11.9759
12.0594
12.1423
12.2247
12.3065
12.3877
12.4685
12.5487
12.6284
12.7075
12.7862
12.8644
12.9422
13.0194
13.0963
13.1726
13.2485
13.324
13.3991
13.4737
13.5479
13.6217
13.6951
13.7682
13.8408
13.913
13.9849
14.0564
14.1276
14.1983
14.2688
14.3389
14.4086
14.478
14.5471
14.6158
14.6842
14.7523
14.8201
14.8876
14.9548
15.0216
15.0882
15.1545
15.2205
15.2862
15.3516
15.4167
15.4816
15.5462
15.6105
15.6746
15.7384
15.8019
15.8652
15.9282
15.991
16.0535
16.1158
16.1779
16.2397
16.3013
16.3626
16.4237
16.4846
16.5453
16.6057
16.6659
16.7259
16.7857
16.8453
16.9047
16.9638
17.0228
17.0815
17.1401
17.1984
17.2565
17.3145
17.3722
17.4298
17.4872
17.5444
17.6014
17.6582
17.7148
17.7713
17.8275
17.8836
17.9395
17.9953
18.0509
18.1063
18.1615
18.2165
1.82165
3.32165
4.82165
6.32165
7.82165
9.32165
9.42893
9.53499
9.63987
9.7436
9.84623
9.94779
10.0483
10.1478
10.2464
10.344
10.4407
10.5364
10.6313
10.7254
10.8186
10.9111
11.0027
11.0936
11.1837
11.2732
11.3619
11.4499
11.5372
11.6239
11.7099
11.7953
11.8801
11.9643
12.0479
12.1309
12.2133
12.2952
12.3765
12.4573
12.5376
12.6173
12.6966
12.7754
12.8536
12.9314
13.0088
13.0856
13.1621
13.238
13.3136
13.3887
13.4634
13.5376
13.6115
13.685
13.7581
13.8307
13.903
13.975
14.0465
14.1177
14.1886
14.259
14.3292
14.3989
14.4684
14.5375
14.6063
14.6748
14.7429
14.8107
14.8783
14.9455
15.0124
15.079
15.1453
15.2113
15.2771
15.3425
15.4077
15.4726
15.5372
15.6016
15.6657
15.7295
15.7931
15.8564
15.9195
15.9823
16.0449
16.1072
16.1693
16.2311
16.2927
16.3541
16.4153
16.4762
16.5369
16.5974
16.6576
16.7176
16.7775
16.8371
16.8964
16.9556
17.0146
17.0734
17.132
17.1903
17.2485
17.3065
17.3643
17.4218
17.4792
17.5365
17.5935
17.6503
17.707
17.7634
17.8197
17.8759
17.9318
17.9876
18.0432
18.0986
18.1538
18.2089
18.2638
18.3186
18.3732
18.4276
18.4819
18.536
18.5899
18.6437
18.6974
18.7508
18.8042
18.8574
