4
5.5
7
8.5
10
11.5
13
14.5
16
17.5
19
20.5
22
23.5
25
26.5
28
29.5
31
32.5
34
35.5
37
38.5
40
41.5
43
44.5
46
47.5
49
50.5
52
53.5
55
56.5
58
59.5
61
62.5
64
65.5
67
68.5
70
71.5
73
74.5
76
77.5
79
80.5
82
83.5
85
86.5
88
89.5
91
92.5
94
95.5
97
98.5
100
101.5
103
104.5
106
107.5
109
110.5
112
113.5
115
116.5
118
119.5
121
122.5
124
125.5
127
128.5
130
131.5
133
134.5
136
137.5
139
140.5
142
143.5
145
146.5
148
149.5
151
152.5
154
155.5
157
158.5
47.55
49.05
50.55
52.05
53.55
55.05
56.55
58.05
59.55
61.05
62.55
64.05
65.55
67.05
68.55
70.05
71.55
73.05
74.55
76.05
77.55
79.05
80.55
80.5624
80.5748
80.5872
80.5996
80.6121
80.6245
80.6369
80.6493
80.6617
80.6741
80.6865
80.6988
80.7112
80.7236
80.736
80.7484
80.7608
80.7732
80.7856
80.7979
80.8103
80.8227
80.8351
80.8474
80.8598
80.8722
80.8845
80.8969
80.9093
80.9216
80.934
80.9463
80.9587
80.971
80.9834
80.9957
81.0081
81.0204
24.3061
25.8061
27.3061
28.8061
30.3061
31.8061
33.3061
34.8061
36.3061
37.8061
39.3061
40.8061
40.8306
40.8551
40.8796
12.2639
13.7639
15.2639
16.7639
18.2639
19.7639
21.2639
21.3109
21.3578
21.4047
21.4514
21.498
21.5445
21.5909
21.6372
21.6835
21.7296
21.7756
21.8215
21.8673
21.9131
21.9587
22.0042
22.0497
22.095
22.1403
22.1855
22.2305
22.2755
22.3204
22.3652
22.4099
22.4546
22.4991
22.5435
22.5879
22.6322
22.6764
22.7205
22.7645
22.8084
22.8522
22.896
22.9397
22.9833
23.0268
23.0702
23.1135
23.1568
23.2
23.2431
23.2861
23.3291
23.3719
23.4147
23.4574
23.5001
23.5426
23.5851
23.6275
23.6698
23.7121
23.7542
23.7963
23.8384
23.8803
23.9222
23.964
24.0057
24.0474
24.0889
24.1305
24.1719
24.2133
24.2546
24.2958
24.337
24.3781
24.4191
24.46
24.5009
24.5417
24.5825
24.6231
24.6638
24.7043
24.7448
24.7852
24.8255
24.8658
24.906
24.9462
24.9863
25.0263
25.0663
25.1062
25.146
25.1858
25.2255
25.2651
25.3047
25.3442
25.3837
25.423
25.4624
25.5017
25.5409
25.58
25.6191
25.6581
25.6971
25.736
25.7749
25.8137
25.8524
7.75573
9.25573
10.7557
12.2557
13.7557
13.8284
13.9007
13.9727
14.0442
14.1155
14.1863
14.2568
14.3269
14.3967
14.4662
14.5353
14.6041
14.6726
14.7407
14.8086
14.8761
14.9433
15.0102
15.0769
15.1432
15.2092
15.275
15.3404
15.4056
15.4705
15.5352
15.5996
15.6637
15.7275
15.7911
15.8544
15.9175
15.9803
16.0429
16.1052
16.1673
16.2292
16.2908
16.3522
16.4133
16.4742
16.5349
16.5954
16.6557
16.7157
16.7755
16.8352
16.8946
16.9537
17.0127
17.0715
17.1301
17.1885
17.2466
17.3046
17.3624
5.20872
6.70872
8.20872
9.70872
9.81172
9.91364
10.0145
10.1144
10.2132
10.3112
10.4081
10.5042
10.5994
10.6938
10.7873
10.88
10.9719
11.063
11.1534
11.2431
11.332
11.4203
11.5078
11.5947
11.681
11.7666
11.8516
11.9359
12.0197
12.1029
12.1855
12.2676
12.3491
12.4301
12.5106
12.5905
12.6699
12.7488
12.8273
12.9052
12.9827
13.0597
13.1363
13.2124
13.2881
13.3634
13.4382
13.5126
13.5866
13.6602
13.7334
13.8063
13.8787
13.9507
14.0224
14.0937
14.1647
14.2353
14.3055
14.3754
14.445
14.5142
14.5831
14.6517
14.72
14.7879
14.8555
14.9228
14.9898
15.0565
15.123
15.1891
15.2549
15.3205
15.3858
15.4507
15.5155
15.5799
15.6441
15.708
15.7717
15.8351
15.8982
15.9611
16.0238
16.0862
16.1484
16.2103
16.272
16.3334
16.3947
16.4557
16.5164
16.577
16.6373
16.6974
16.7573
16.817
16.8764
16.9357
16.9947
17.0536
17.1122
17.1707
17.2289
17.2869
17.3448
17.4024
17.4599
17.5172
17.5743
17.6312
17.6879
17.7444
17.8008
17.8569
17.9129
17.9688
18.0244
18.0799
18.1352
18.1904
18.2453
18.3001
18.3548
18.4093
18.4636
5.53908
7.03908
8.53908
10.0391
10.1387
10.2373
10.335
10.4318
10.5276
10.6226
10.7167
10.8101
10.9026
10.9943
11.0852
11.1755
11.2649
11.3537
11.4418
11.5292
11.6159
11.702
11.7875
11.8723
11.9565
12.0402
12.1232
12.2057
12.2876
12.369
12.4499
12.5302
12.61
12.6893
12.7681
12.8464
12.9243
13.0016
13.0786
13.155
13.231
13.3066
13.3818
13.4565
13.5308
13.6047
13.6782
13.7513
13.824
13.8964
13.9683
4.1905
5.6905
7.1905
7.32957
7.46601
7.59995
7.73153
7.86087
7.98808
8.11327
8.23652
8.35793
8.47758
8.59554
8.71188
8.82666
8.93996
9.05181
9.16229
2.74869
4.24869
5.74869
5.92264
6.09148
6.25565
6.4155
6.57137
6.72355
6.87228
7.01779
7.16029
7.29995
7.43693
7.5714
7.70347
7.83329
7.96095
8.08656
8.21022
8.33202
8.45204
8.57035
8.68704
8.80215
8.91576
9.02792
9.13869
9.24811
9.35624
9.46312
9.5688
9.6733
9.77668
9.87896
2.96369
4.46369
5.96369
6.13137
6.29447
6.45334
6.60829
6.75962
6.90756
7.05233
7.19412
7.33313
7.46949
7.60337
7.73489
7.86418
7.99133
8.11647
8.23968
8.36104
8.48064
8.59856
8.71486
8.8296
8.94286
9.05468
9.16512
9.27423
9.38206
9.48864
9.59403
9.69826
9.80137
9.9034
10.0044
10.1043
10.2033
10.3013
10.3984
10.4946
10.5898
10.6843
10.7779
10.8706
10.9626
11.0539
11.1443
11.2341
11.3231
11.4114
11.499
11.586
11.6723
11.758
11.843
11.9275
12.0113
12.0945
12.1772
12.2593
12.3409
12.422
12.5025
12.5824
12.6619
12.7409
12.8194
12.8974
12.9749
13.052
13.1286
13.2048
13.2805
13.3558
13.4307
13.5051
13.5792
13.6528
13.7261
13.7989
13.8714
13.9435
14.0152
14.0866
14.1575
14.2282
14.2985
14.3684
4.31052
5.81052
7.31052
7.44731
7.58158
7.71348
7.84313
7.97063
8.09609
8.2196
8.34126
8.46115
8.57934
8.6959
8.81089
8.92439
9.03644
9.1471
9.25643
9.36446
9.47125
9.57683
9.68125
9.78454
9.88674
9.98789
10.088
10.1871
10.2853
10.3825
10.4788
3.14365
4.64365
6.14365
6.30642
6.46499
6.61967
6.77074
6.91843
7.06297
7.20455
7.34336
7.47953
7.61323
7.74458
7.8737
8.00071
8.1257
8.24876
8.36999
8.48947
8.60726
8.72344
8.83808
8.95122
9.06294
9.17328
9.28229
9.39002
9.49652
9.60182
9.70597
9.809
9.91095
10.0118
10.1117
10.2106
10.3086
10.4056
10.5017
10.5969
10.6913
10.7848
10.8775
10.9694
11.0606
11.151
11.2407
11.3297
11.4179
11.5055
11.5924
11.6787
11.7643
11.8493
11.9337
12.0175
12.1007
12.1834
12.2654
12.347
12.428
12.5084
12.5884
12.6678
12.7467
12.8252
12.9032
12.9807
13.0577
13.1343
13.2104
13.2861
13.3614
13.4362
13.5107
13.5847
13.6583
13.7315
13.8043
13.8768
13.9488
14.0205
14.0918
14.1628
14.2334
14.3037
14.3736
14.4432
14.5124
14.5813
14.6499
14.7181
14.7861
14.8537
14.921
14.9881
15.0548
15.1212
15.1873
15.2532
15.3187
15.384
15.449
15.5137
15.5782
15.6424
15.7063
15.77
15.8334
15.8966
15.9595
16.0221
16.0845
16.1467
16.2087
16.2703
16.3318
16.393
16.454
16.5148
16.5754
16.6357
16.6958
16.7557
16.8154
16.8749
16.9341
16.9932
17.052
17.1107
17.1691
17.2273
17.2854
17.3432
17.4009
17.4584
17.5157
17.5727
17.6296
17.6864
17.7429
17.7993
17.8555
17.9115
17.9673
18.0229
18.0784
18.1337
18.1889
18.2439
18.2987
18.3533
18.4078
18.4621
5.53864
7.03864
8.53864
10.0386
10.1383
10.2369
10.3346
10.4313
10.5272
10.6222
10.7163
10.8097
10.9022
10.9939
11.0849
11.1751
11.2646
11.3533
11.4414
11.5288
11.6155
11.7016
11.7871
11.8719
11.9562
12.0398
12.1229
12.2054
12.2873
12.3687
12.4495
12.5298
12.6097
12.689
12.7678
12.8461
12.9239
13.0013
13.0782
13.1547
13.2307
13.3063
13.3814
13.4562
13.5305
13.6044
13.6779
13.751
13.8237
13.8961
13.968
14.0396
14.1109
14.1817
14.2522
14.3224
14.3922
14.4617
14.5308
14.5997
14.6682
14.7363
14.8042
14.8717
14.939
15.0059
15.0726
15.1389
15.205
15.2707
15.3362
15.4014
15.4664
15.531
15.5954
15.6595
15.7234
15.787
15.8503
15.9134
15.9762
16.0388
16.1012
16.1633
16.2252
16.2868
16.3482
16.4094
16.4703
16.531
16.5915
16.6518
16.7118
16.7717
16.8313
16.8907
16.9499
17.0089
17.0677
17.1263
17.1847
17.2429
17.3009
17.3587
17.4163
17.4737
17.5309
17.588
17.6448
17.7015
17.758
17.8143
17.8704
17.9264
17.9822
18.0378
18.0932
18.1485
18.2036
18.2585
18.3133
18.3679
18.4224
18.4766
18.5308
18.5847
18.6385
18.6922
18.7457
18.799
18.8522
18.9053
18.9582
19.0109
19.0635
19.116
19.1683
19.2205
19.2725
19.3244
