4
5
6
7
8
9
10
11
12
13
14
15
16
17
18
19
20
21
22
23
24
25
26
27
28
29
30
31
32
33
34
35
36
37
38
39
40
41
42
43
44
45
46
47
48
49
50
51
52
53
54
55
56
57
58
59
60
61
62
63
64
65
66
67
68
69
70
71
72
73
74
75
76
77
78
79
80
81
82
83
84
85
86
87
88
89
90
91
92
93
94
95
96
97
98
99
100
101
102
103
104
105
106
107
32.1
33.1
34.1
35.1
36.1
37.1
38.1
39.1
40.1
41.1
42.1
43.1
44.1
45.1
46.1
47.1
48.1
49.1
50.1
51.1
52.1
53.1
54.1
54.1185
54.137
54.1554
54.1739
54.1924
54.2108
54.2293
54.2477
54.2661
54.2846
54.303
54.3214
54.3398
54.3582
54.3766
54.395
54.4134
54.4318
54.4501
54.4685
54.4869
54.5052
54.5236
54.5419
54.5602
54.5786
54.5969
54.6152
54.6335
54.6518
54.6701
54.6884
54.7067
54.725
54.7432
54.7615
54.7798
54.798
16.4394
17.4394
18.4394
19.4394
20.4394
21.4394
22.4394
23.4394
24.4394
25.4394
26.4394
27.4394
27.4758
27.5122
27.5486
8.26458
9.26458
10.2646
11.2646
12.2646
13.2646
14.2646
14.3347
14.4044
14.4739
14.543
14.6117
14.6802
14.7483
14.8161
14.8836
14.9508
15.0176
15.0842
15.1505
15.2165
15.2823
15.3477
15.4128
15.4777
15.5423
15.6067
15.6708
15.7346
15.7981
15.8614
15.9245
15.9873
16.0498
16.1121
16.1742
16.236
16.2976
16.359
16.4201
16.481
16.5417
16.6021
16.6623
16.7224
16.7822
16.8418
16.9011
16.9603
17.0193
17.078
17.1366
17.1949
17.2531
17.311
17.3688
17.4264
17.4838
17.541
17.598
17.6548
17.7114
17.7679
17.8242
17.8803
17.9362
17.992
18.0475
18.103
18.1582
18.2133
18.2682
18.3229
18.3775
18.4319
18.4862
18.5402
18.5942
18.648
18.7016
18.7551
18.8084
18.8615
18.9146
18.9674
19.0202
19.0727
19.1252
19.1775
19.2296
19.2816
19.3335
19.3852
19.4368
19.4882
19.5395
19.5907
19.6418
19.6927
19.7434
19.7941
19.8446
19.895
19.9453
19.9954
20.0454
20.0953
20.1451
20.1947
20.2442
20.2936
20.3429
20.3921
20.4411
20.49
6.14701
7.14701
8.14701
9.14701
10.147
11.147
11.2367
11.3257
11.414
11.5016
11.5886
11.6749
11.7605
11.8455
11.93
12.0138
12.097
12.1797
12.2618
12.3433
12.4244
12.5048
12.5848
12.6643
12.7432
12.8217
12.8997
12.9772
13.0543
13.1309
13.207
13.2828
13.358
13.4329
13.5073
13.5814
13.655
13.7282
13.8011
13.8735
13.9456
14.0173
14.0887
14.1597
14.2303
14.3005
14.3705
14.4401
14.5093
14.5782
14.6468
14.7151
14.7831
14.8507
14.918
14.9851
15.0518
15.1182
15.1844
15.2502
15.3158
4.59475
5.59475
6.59475
7.59475
8.59475
8.7111
8.82589
8.9392
9.05106
9.16155
9.2707
9.37857
9.48519
9.59062
9.69489
9.79804
9.9001
10.0011
10.1011
10.2001
10.2981
10.3952
10.4914
10.5868
10.6812
10.7748
10.8676
10.9597
11.0509
11.1414
11.2311
11.3202
11.4085
11.4962
11.5832
11.6695
11.7552
11.8403
11.9247
12.0086
12.0918
12.1745
12.2567
12.3383
12.4193
12.4998
12.5798
12.6593
12.7383
12.8168
12.8949
12.9724
13.0495
13.1261
13.2023
13.2781
13.3534
13.4282
13.5027
13.5768
13.6504
13.7237
13.7966
13.869
13.9411
14.0129
14.0842
14.1552
14.2259
14.2962
14.3661
14.4357
14.505
14.5739
14.6426
14.7109
14.7788
14.8465
14.9139
14.9809
15.0477
15.1141
15.1803
15.2462
15.3117
15.3771
15.4421
15.5068
15.5713
15.6356
15.6995
15.7632
15.8266
15.8898
15.9528
16.0154
16.0779
16.1401
16.202
16.2638
16.3252
16.3865
16.4475
16.5083
16.5689
16.6293
16.6894
16.7493
16.809
16.8685
16.9278
16.9869
17.0457
17.1044
17.1629
17.2211
17.2792
17.3371
17.3947
17.4522
17.5095
17.5666
17.6236
17.6803
17.7369
17.7933
17.8495
5.35484
6.35484
7.35484
8.35484
9.35484
9.46173
9.56742
9.67194
9.77534
9.87763
9.97887
10.0791
10.1783
10.2765
10.3739
10.4703
10.5658
10.6604
10.7542
10.8472
10.9394
11.0308
11.1215
11.2114
11.3006
11.3891
11.4769
11.564
11.6505
11.7363
11.8215
11.9061
11.9901
12.0735
12.1563
12.2386
12.3203
12.4015
12.4821
12.5622
12.6418
12.7209
12.7995
12.8777
12.9553
13.0325
13.1092
13.1855
13.2613
13.3368
13.4117
4.02352
5.02352
6.02352
7.02352
7.1659
7.30545
7.44233
7.5767
7.70868
7.83841
7.96598
8.09152
8.2151
8.33683
8.45678
8.57503
8.69165
8.8067
8.92025
2.67608
3.67608
4.67608
4.88993
5.09443
5.29072
5.47973
5.66222
5.83883
6.0101
6.17649
6.33839
6.49616
6.6501
6.80047
6.94752
7.09146
7.23247
7.37074
7.50641
7.63963
7.77052
7.89922
8.02581
8.15041
8.2731
8.39398
8.51311
8.63057
8.74644
8.86077
8.97363
9.08507
9.19514
9.30389
2.79117
3.79117
4.79117
4.99988
5.19989
5.3922
5.57765
5.75694
5.93064
6.09926
6.26321
6.42288
6.57857
6.73058
6.87915
7.02452
7.16688
7.30641
7.44328
7.57763
7.70959
7.8393
7.96686
8.09238
8.21596
8.33767
8.45761
8.57585
8.69245
8.80749
8.92103
9.03313
9.14383
9.2532
9.36127
9.46809
9.57371
9.67816
9.78149
9.88372
9.9849
10.085
10.1842
10.2824
10.3796
10.476
10.5714
10.666
10.7598
10.8527
10.9449
11.0362
11.1269
11.2167
11.3059
11.3943
11.4821
11.5692
11.6556
11.7414
11.8266
11.9111
11.9951
12.0785
12.1613
12.2435
12.3252
12.4063
12.4869
12.567
12.6466
12.7256
12.8042
12.8823
12.9599
13.0371
13.1138
13.1901
13.2659
13.3413
13.4162
13.4907
13.5649
13.6386
13.7119
13.7848
13.8574
13.9295
4.17886
5.17886
6.17886
7.17886
7.31816
7.45481
7.58895
7.72072
7.85024
7.97763
8.10298
8.22639
8.34795
8.46774
8.58583
8.70231
8.81722
8.93063
9.04261
9.15319
9.26244
9.37041
9.47713
9.58264
9.687
9.79023
9.89237
9.99346
10.0935
10.1926
10.2907
3.08721
4.08721
5.08721
6.08721
6.25149
6.41145
6.56742
6.71969
6.86851
7.0141
7.15667
7.2964
7.43345
7.56798
7.70012
7.82998
7.9577
8.08336
8.20707
8.32892
8.44898
8.56734
8.68406
8.79922
8.91286
9.02506
9.13586
9.24532
9.35348
9.4604
9.5661
9.67064
9.77404
9.87635
9.97761
10.0778
10.1771
10.2753
10.3726
10.469
10.5646
10.6592
10.753
10.846
10.9382
11.0297
11.1203
11.2102
11.2995
11.388
11.4758
11.5629
11.6494
11.7352
11.8204
11.905
11.989
12.0724
12.1553
12.2376
12.3193
12.4004
12.4811
12.5612
12.6408
12.7199
12.7985
12.8767
12.9543
13.0315
13.1083
13.1846
13.2604
13.3358
13.4108
13.4854
13.5595
13.6333
13.7066
13.7796
13.8521
13.9243
13.9962
14.0676
14.1387
14.2094
14.2798
14.3498
14.4195
14.4889
14.5579
14.6266
14.6949
14.763
14.8307
14.8982
14.9653
15.0321
15.0986
15.1649
15.2308
15.2964
15.3618
15.4269
15.4917
15.5563
15.6206
15.6846
15.7483
15.8118
15.8751
15.9381
16.0008
16.0633
16.1256
16.1876
16.2494
16.3109
16.3722
16.4333
16.4941
16.5548
16.6152
16.6754
16.7353
16.7951
16.8546
16.914
16.9731
17.032
17.0907
17.1492
17.2075
17.2657
17.3236
17.3813
17.4388
17.4962
17.5533
17.6103
17.6671
17.7237
17.7801
17.8363
17.8924
17.9483
18.004
18.0596
18.1149
18.1701
18.2252
18.28
18.3347
18.3893
5.51679
6.51679
7.51679
8.51679
9.51679
9.62186
9.72579
9.82861
9.93036
10.0311
10.1307
10.2295
10.3272
10.424
10.52
10.615
10.7092
10.8026
10.8952
10.987
11.078
11.1683
11.2578
11.3466
11.4348
11.5222
11.609
11.6951
11.7806
11.8655
11.9498
12.0335
12.1166
12.1991
12.2811
12.3625
12.4434
12.5238
12.6036
12.683
12.7618
12.8402
12.9181
12.9955
13.0724
13.1489
13.225
13.3006
13.3758
13.4505
13.5249
13.5988
13.6723
13.7455
13.8182
13.8906
13.9626
14.0342
14.1055
14.1764
14.2469
14.3171
14.3869
14.4564
14.5256
14.5945
14.663
14.7312
14.7991
14.8666
14.9339
15.0009
15.0675
15.1339
15.2
15.2658
15.3313
15.3965
15.4614
15.5261
15.5905
15.6547
15.7185
15.7822
15.8455
15.9086
15.9715
16.0341
16.0965
16.1586
16.2205
16.2821
16.3436
16.4047
16.4657
16.5264
16.5869
16.6472
16.7073
16.7672
16.8268
16.8862
16.9454
17.0045
17.0633
17.1219
17.1803
17.2385
17.2965
17.3543
17.4119
17.4694
17.5266
17.5837
17.6405
17.6972
17.7537
17.8101
17.8662
17.9222
17.978
18.0336
18.089
18.1443
18.1994
18.2544
18.3092
18.3638
18.4182
18.4725
18.5267
18.5806
18.6345
18.6881
18.7416
18.795
18.8482
18.9013
18.9542
19.0069
